*** WAIT ***
PWM:0
Start:1187156
0.00 860
0.00 1384
0.00 1964
0.00 8132
0.00 19572
0.00 32052
0.00 44532
0.00 57020
0.00 69496
0.00 81972
0.00 94452
0.00 106936
0.00 120452
0.00 133972
0.00 147492
0.00 161012
0.00 174532
0.00 188052
0.00 201572
0.00 215092
0.00 228612
0.00 242136
0.00 255652
0.00 269172
0.00 282692
0.00 296212
0.00 309736
0.00 323260
0.00 336772
0.00 350296
0.00 363812
0.00 377332
0.00 390852
0.00 404376
0.00 417892
0.00 431412
0.00 444936
0.00 458456
0.00 471972
0.00 485492
0.00 499016

PWM:5
Start:1746692
0.00 752
0.00 1284
0.00 1848
0.00 11236
2.00 23720
9.00 36196
13.00 49720
20.00 63236
25.00 76756
30.00 90276
34.00 103796
38.00 118360
42.00 132920
44.00 147480
47.00 162036
50.00 176596
52.00 191156
54.00 205716
55.00 220276
57.00 234840
59.00 249396
60.00 263956
61.00 278516
62.00 293080
61.00 307640
64.00 322196
65.00 336760
66.00 351320
67.00 365880
67.00 380436
68.00 395000
68.00 409560
69.00 424120
71.00 438676
71.00 453240
71.00 467800
73.00 482360
72.00 496920

PWM:10
Start:2304176
12.00 812
14.00 1396
14.00 3912
44.00 16396
86.00 29912
108.00 44472
119.00 59032
126.00 73592
127.00 88152
130.00 102716
130.00 118312
133.00 133912
135.00 149512
134.00 165112
137.00 180712
137.00 196312
138.00 211912
139.00 227512
139.00 243116
140.00 258712
142.00 274312
141.00 289912
143.00 305512
142.00 321112
143.00 336712
144.00 352316
145.00 367912
143.00 383516
144.00 399112
145.00 414716
145.00 430312
146.00 445912
147.00 461512
147.00 477112
147.00 492712

PWM:15
Start:2857456
23.00 820
24.00 1396
27.00 3912
77.00 16392
145.00 30952
175.00 45512
186.00 60072
190.00 74636
193.00 89192
196.00 103756
196.00 119352
198.00 134952
195.00 150552
198.00 166152
201.00 181756
198.00 197356
200.00 212952
200.00 228552
201.00 244152
202.00 259752
201.00 275356
201.00 290956
202.00 306556
202.00 322156
203.00 337752
205.00 353352
204.00 368956
203.00 384552
204.00 400156
201.00 415752
204.00 431352
205.00 446952
203.00 462552
205.00 478152
205.00 493756

PWM:20
Start:3411776
30.00 820
28.00 1404
34.00 3912
106.00 17432
195.00 31992
227.00 46552
236.00 61112
240.00 75672
243.00 90232
247.00 104796
244.00 120396
247.00 135992
247.00 151592
246.00 167192
249.00 182792
248.00 198392
248.00 213992
250.00 229596
248.00 245192
249.00 260796
250.00 276392
251.00 291992
250.00 307592
252.00 323192
247.00 338796
251.00 354396
251.00 369992
249.00 385592
252.00 401192
252.00 416792
250.00 432392
252.00 447992
251.00 463596
251.00 479192
252.00 494800

PWM:25
Start:3967140
36.00 816
39.00 1400
42.00 3908
132.00 17428
234.00 31988
264.00 46548
278.00 61108
284.00 75668
285.00 90228
287.00 104792
287.00 120392
287.00 135988
288.00 151592
287.00 167192
289.00 182788
289.00 198388
289.00 213988
289.00 229588
290.00 245188
288.00 260788
290.00 276388
290.00 291988
288.00 307592
291.00 323188
290.00 338796
288.00 354388
291.00 369988
290.00 385588
289.00 401188
292.00 416788
289.00 432392
290.00 447988
291.00 463588
290.00 479188
291.00 494788

PWM:30
Start:4522496
44.00 820
48.00 1396
51.00 3916
161.00 17432
271.00 31992
303.00 46552
314.00 61116
319.00 75672
320.00 90232
320.00 104796
322.00 120392
321.00 135992
322.00 151592
324.00 167192
321.00 182800
322.00 198396
323.00 213992
320.00 229592
323.00 245192
323.00 260796
321.00 276392
324.00 291992
322.00 307592
322.00 323196
325.00 338796
322.00 354396
323.00 369996
324.00 385592
322.00 401192
324.00 416792
324.00 432396
323.00 447996
324.00 463596
324.00 479192
322.00 494792

PWM:35
Start:5077856
43.00 820
43.00 1404
43.00 3912
165.00 17432
297.00 31992
334.00 46552
343.00 61112
346.00 75672
346.00 90232
348.00 104792
350.00 120392
350.00 135992
347.00 151592
351.00 167192
352.00 182792
349.00 198392
352.00 213992
351.00 229592
349.00 245192
352.00 260792
351.00 276392
351.00 291992
352.00 307592
350.00 323192
351.00 338792
352.00 354392
351.00 369992
352.00 385592
352.00 401192
348.00 416792
353.00 432392
353.00 447992
350.00 463592
353.00 479192
351.00 494792

PWM:40
Start:5633216
45.00 812
45.00 1396
52.00 3920
193.00 17432
326.00 31992
358.00 46552
368.00 61112
369.00 75672
374.00 90232
375.00 104792
372.00 120392
377.00 135992
375.00 151592
374.00 167192
377.00 182792
376.00 198392
376.00 213992
378.00 229592
376.00 245192
376.00 260792
378.00 276392
375.00 291992
377.00 307592
378.00 323192
373.00 338792
377.00 354392
377.00 369992
374.00 385592
378.00 401192
376.00 416792
375.00 432392
378.00 447992
377.00 463592
377.00 479192
378.00 494792

PWM:45
Start:6188576
58.00 812
81.00 1388
103.00 4952
279.00 18472
368.00 33032
389.00 47600
394.00 62156
395.00 76716
395.00 91276
396.00 105836
398.00 121432
398.00 137036
395.00 152632
399.00 168236
398.00 183832
396.00 199436
400.00 215036
398.00 230632
397.00 246232
401.00 261832
399.00 277436
399.00 293032
401.00 308632
398.00 324236
399.00 339832
401.00 355432
398.00 371032
399.00 386632
399.00 402232
396.00 417836
399.00 433436
399.00 449036
396.00 464636
401.00 480232
398.00 495836

PWM:50
Start:6744976
51.00 820
50.00 1404
59.00 3916
229.00 17436
373.00 31992
403.00 46552
410.00 61112
411.00 75672
415.00 90240
417.00 104792
415.00 120392
419.00 135992
418.00 151592
417.00 167192
420.00 182792
419.00 198392
418.00 213992
420.00 229596
417.00 245192
418.00 260792
419.00 276392
418.00 291996
419.00 307592
419.00 323192
416.00 338792
420.00 354392
419.00 369992
416.00 385592
420.00 401192
418.00 416792
417.00 432392
421.00 447996
419.00 463592
418.00 479192
420.00 494796

PWM:55
Start:7300336
63.00 820
89.00 1396
110.00 4952
312.00 18472
408.00 33032
428.00 47592
433.00 62152
434.00 76712
433.00 91272
433.00 105832
437.00 121432
437.00 137032
433.00 152632
437.00 168232
437.00 183832
434.00 199432
439.00 215032
438.00 230632
435.00 246232
438.00 261832
436.00 277432
436.00 293032
439.00 308632
435.00 324232
437.00 339832
438.00 355432
435.00 371032
437.00 386632
438.00 402232
434.00 417832
439.00 433432
436.00 449032
435.00 464632
438.00 480232
437.00 495832

PWM:60
Start:7856736
56.00 812
54.00 1388
64.00 3912
260.00 17432
410.00 31992
440.00 46556
446.00 61112
446.00 75676
450.00 90232
452.00 104792
450.00 120392
455.00 135992
453.00 151592
451.00 167192
455.00 182792
452.00 198392
452.00 213992
455.00 229592
452.00 245192
453.00 260792
455.00 276392
452.00 291992
455.00 307592
454.00 323192
450.00 338792
455.00 354392
453.00 369992
451.00 385592
455.00 401192
454.00 416792
453.00 432392
455.00 447992
452.00 463592
453.00 479192
455.00 494792

PWM:65
Start:8412096
67.00 820
91.00 1396
117.00 4956
339.00 18476
441.00 33032
461.00 47592
465.00 62152
467.00 76712
465.00 91272
466.00 105832
469.00 121432
469.00 137032
464.00 152632
470.00 168232
468.00 183832
466.00 199432
471.00 215036
470.00 230636
467.00 246232
470.00 261836
468.00 277432
468.00 293032
471.00 308632
466.00 324232
468.00 339832
470.00 355432
467.00 371032
469.00 386632
469.00 402232
465.00 417832
469.00 433432
468.00 449032
467.00 464632
470.00 480232
469.00 495832

PWM:70
Start:8968496
58.00 820
57.00 1396
69.00 3912
288.00 17436
443.00 31992
472.00 46552
476.00 61112
476.00 75672
479.00 90236
483.00 104792
480.00 120392
484.00 135992
482.00 151592
481.00 167192
483.00 182792
482.00 198392
482.00 213992
484.00 229592
480.00 245192
483.00 260792
483.00 276392
480.00 291996
483.00 307592
483.00 323192
479.00 338796
483.00 354396
484.00 369996
480.00 385596
484.00 401192
483.00 416792
481.00 432392
484.00 447992
482.00 463592
482.00 479192
484.00 494792

PWM:75
Start:9523856
69.00 820
94.00 1404
124.00 4956
364.00 18472
470.00 33032
489.00 47592
493.00 62152
494.00 76716
492.00 91272
493.00 105832
496.00 121432
496.00 137032
492.00 152632
496.00 168232
496.00 183836
493.00 199432
497.00 215032
495.00 230636
494.00 246236
498.00 261832
494.00 277432
495.00 293032
497.00 308632
494.00 324236
496.00 339832
496.00 355436
493.00 371032
496.00 386632
496.00 402232
492.00 417832
498.00 433432
497.00 449032
493.00 464636
497.00 480232
495.00 495832

PWM:80
Start:10080268
62.00 856
61.00 1440
75.00 4944
331.00 18464
471.00 33020
497.00 47580
504.00 62140
507.00 76700
508.00 91260
506.00 105820
508.00 121420
505.00 137020
508.00 152620
508.00 168220
505.00 183820
509.00 199420
510.00 215024
505.00 230620
509.00 246220
508.00 261820
505.00 277420
509.00 293020
507.00 308620
506.00 324220
509.00 339820
506.00 355420
508.00 371020
509.00 386620
506.00 402220
508.00 417820
508.00 433420
506.00 449020
508.00 464620
510.00 480220
504.00 495820

PWM:85
Start:10636656
64.00 868
63.00 1444
64.00 4952
338.00 18476
484.00 33036
505.00 47592
513.00 62152
517.00 76712
519.00 91272
520.00 105832
517.00 121436
518.00 137036
520.00 152632
517.00 168232
519.00 183832
520.00 199432
517.00 215032
519.00 230636
519.00 246236
517.00 261836
521.00 277432
520.00 293032
516.00 308632
521.00 324232
519.00 339832
517.00 355436
521.00 371032
518.00 386632
519.00 402236
521.00 417832
517.00 433436
520.00 449032
520.00 464632
516.00 480236
519.00 495836

PWM:90
Start:11193056
74.00 868
93.00 1452
107.00 5992
394.00 19512
503.00 34072
523.00 48632
527.00 63192
530.00 77752
529.00 92312
529.00 106872
531.00 122472
527.00 138072
530.00 153676
530.00 169276
527.00 184872
531.00 200472
532.00 216072
526.00 231672
531.00 247276
530.00 262872
527.00 278472
531.00 294072
528.00 309672
528.00 325272
531.00 340872
528.00 356472
530.00 372072
532.00 387672
528.00 403272
530.00 418872
530.00 434480
527.00 450072
531.00 465676
532.00 481272
527.00 496872

PWM:95
Start:11750500
67.00 856
66.00 1440
66.00 4948
362.00 18468
508.00 33028
529.00 47588
534.00 62152
538.00 76716
539.00 91272
540.00 105832
538.00 121428
538.00 137032
542.00 152628
538.00 168228
540.00 183828
540.00 199432
538.00 215032
541.00 230628
540.00 246228
538.00 261828
541.00 277428
541.00 293032
536.00 308628
541.00 324228
540.00 339832
538.00 355428
541.00 371028
539.00 386632
539.00 402232
541.00 417828
538.00 433428
539.00 449032
541.00 464632
538.00 480232
540.00 495828

PWM:100
Start:12306940
79.00 856
99.00 1432
114.00 6992
441.00 20512
530.00 35072
543.00 49632
545.00 64188
545.00 78748
547.00 93312
549.00 107868
545.00 123468
551.00 139072
549.00 154668
546.00 170272
550.00 185876
548.00 201472
548.00 217068
550.00 232668
547.00 248268
549.00 263868
551.00 279468
546.00 295072
550.00 310668
551.00 326268
547.00 341872
551.00 357468
550.00 373072
546.00 388672
551.00 404268
548.00 419872
547.00 435472
551.00 451072
549.00 466672
547.00 482268
550.00 497868

PWM:105
Start:12865420
78.00 864
103.00 1492
135.00 8028
471.00 21548
539.00 36112
551.00 50672
554.00 65228
558.00 79788
558.00 94348
559.00 108908
558.00 124512
555.00 140112
559.00 155708
556.00 171308
557.00 186908
559.00 202508
555.00 218108
558.00 233708
559.00 249308
556.00 264908
559.00 280508
560.00 296108
556.00 311712
559.00 327308
558.00 342908
554.00 358508
559.00 374112
557.00 389712
555.00 405308
560.00 420908
557.00 436508
557.00 452112
559.00 467708
556.00 483312
558.00 498912

PWM:110
Start:13424940
72.00 864
70.00 1440
68.00 5948
404.00 19472
539.00 34028
560.00 48588
564.00 63148
566.00 77708
567.00 92268
564.00 106828
567.00 122428
564.00 138028
566.00 153628
567.00 169228
564.00 184828
567.00 200428
568.00 216028
565.00 231628
567.00 247228
567.00 262828
563.00 278428
567.00 294028
566.00 309628
565.00 325228
568.00 340828
566.00 356428
565.00 372028
567.00 387628
565.00 403228
566.00 418828
567.00 434428
564.00 450028
566.00 465636
569.00 481228
564.00 496828

PWM:115
Start:13982380
71.00 864
70.00 1448
74.00 5948
428.00 19468
552.00 34028
570.00 48588
572.00 63152
571.00 77712
572.00 92268
572.00 106828
574.00 122432
576.00 138028
572.00 153632
575.00 169228
576.00 184832
573.00 200428
575.00 216032
574.00 231628
571.00 247232
576.00 262828
574.00 278428
572.00 294028
576.00 309628
572.00 325232
574.00 340832
575.00 356428
572.00 372032
574.00 387632
577.00 403228
572.00 418832
575.00 434428
575.00 450028
573.00 465632
575.00 481232
574.00 496828

PWM:120
Start:14539832
70.00 860
74.00 1444
95.00 5936
452.00 19456
561.00 34016
575.00 48576
576.00 63140
578.00 77700
580.00 92256
583.00 106816
580.00 122420
583.00 138020
583.00 153616
578.00 169216
583.00 184820
581.00 200416
579.00 216024
583.00 231616
581.00 247220
580.00 262816
583.00 278420
581.00 294016
581.00 309620
584.00 325220
580.00 340816
582.00 356416
584.00 372020
581.00 387620
583.00 403220
583.00 418816
578.00 434420
583.00 450016
582.00 465620
580.00 481220
584.00 496816

PWM:125
Start:15097260
83.00 872
108.00 1492
141.00 8028
506.00 21548
573.00 36108
582.00 50668
587.00 65232
589.00 79788
590.00 94352
591.00 108908
589.00 124516
586.00 140112
591.00 155708
589.00 171312
587.00 186908
591.00 202512
588.00 218112
589.00 233712
590.00 249308
588.00 264912
590.00 280508
592.00 296108
587.00 311712
591.00 327308
590.00 342908
588.00 358508
590.00 374108
590.00 389712
586.00 405312
590.00 420908
588.00 436512
588.00 452108
590.00 467712
588.00 483308
588.00 498912

PWM:130
Start:15656780
75.00 864
74.00 1448
71.00 5952
445.00 19472
574.00 34028
592.00 48592
595.00 63148
595.00 77712
595.00 92268
593.00 106828
598.00 122432
595.00 138028
594.00 153628
597.00 169232
595.00 184828
595.00 200428
599.00 216028
594.00 231628
597.00 247228
598.00 262828
595.00 278428
597.00 294032
597.00 309628
595.00 325228
598.00 340828
596.00 356428
594.00 372032
598.00 387632
595.00 403228
594.00 418828
597.00 434432
594.00 450028
596.00 465632
599.00 481228
594.00 496836

PWM:135
Start:16214228
74.00 864
73.00 1440
83.00 5948
469.00 19460
584.00 34020
599.00 48580
601.00 63144
599.00 77700
601.00 92264
602.00 106820
601.00 122424
606.00 138024
601.00 153620
603.00 169224
605.00 184824
601.00 200424
604.00 216024
604.00 231620
601.00 247224
604.00 262824
603.00 278424
600.00 294020
604.00 309620
602.00 325220
602.00 340820
604.00 356424
602.00 372020
603.00 387624
606.00 403224
602.00 418820
604.00 434424
605.00 450024
601.00 465624
603.00 481220
604.00 496820

PWM:140
Start:16771660
80.00 864
91.00 1440
122.00 6988
509.00 20508
593.00 35072
607.00 49632
608.00 64192
609.00 78748
608.00 93308
606.00 107872
610.00 123468
609.00 139068
608.00 154668
611.00 170268
607.00 185872
609.00 201468
612.00 217072
608.00 232672
610.00 248268
611.00 263868
608.00 279468
609.00 295072
610.00 310672
608.00 326272
611.00 341872
609.00 357472
606.00 373068
610.00 388668
609.00 404272
608.00 419872
610.00 435472
608.00 451068
608.00 466668
611.00 482268
607.00 497872

PWM:145
Start:17330140
76.00 864
74.00 1440
87.00 5948
487.00 19468
598.00 34028
611.00 48588
613.00 63148
611.00 77708
613.00 92268
614.00 106828
614.00 122428
618.00 138032
614.00 153632
614.00 169232
617.00 184832
613.00 200428
615.00 216028
616.00 231628
614.00 247232
617.00 262828
616.00 278428
614.00 294028
616.00 309632
614.00 325228
613.00 340828
617.00 356428
615.00 372028
614.00 387628
618.00 403232
614.00 418832
615.00 434428
617.00 450028
614.00 465632
616.00 481228
617.00 496828

PWM:150
Start:17887580
81.00 872
95.00 1448
125.00 6988
525.00 20508
607.00 35068
618.00 49632
620.00 64188
621.00 78752
619.00 93308
620.00 107872
622.00 123468
620.00 139068
618.00 154668
623.00 170272
621.00 185868
620.00 201468
624.00 217072
620.00 232668
622.00 248268
623.00 263868
620.00 279472
621.00 295072
622.00 310668
620.00 326272
622.00 341868
622.00 357468
620.00 373068
623.00 388668
621.00 404268
619.00 419872
623.00 435472
620.00 451072
620.00 466668
624.00 482272
620.00 497868

PWM:155
Start:18446060
79.00 864
78.00 1448
91.00 5948
504.00 19468
611.00 34028
623.00 48588
624.00 63148
625.00 77708
624.00 92268
625.00 106828
624.00 122428
630.00 138028
626.00 153632
625.00 169228
629.00 184828
626.00 200432
627.00 216028
628.00 231628
626.00 247232
627.00 262828
628.00 278428
625.00 294032
628.00 309628
627.00 325232
626.00 340832
628.00 356428
626.00 372028
625.00 387628
630.00 403228
626.00 418832
626.00 434432
629.00 450032
626.00 465628
626.00 481232
628.00 496828

PWM:160
Start:19003504
81.00 860
97.00 1444
128.00 6984
539.00 20508
619.00 35068
630.00 49624
631.00 64184
632.00 78752
629.00 93308
631.00 107864
633.00 123464
632.00 139064
631.00 154664
633.00 170264
632.00 185864
630.00 201464
636.00 217064
631.00 232664
631.00 248264
634.00 263864
632.00 279464
632.00 295064
633.00 310664
631.00 326268
633.00 341864
633.00 357464
632.00 373064
633.00 388664
632.00 404264
631.00 419864
634.00 435464
632.00 451064
630.00 466664
635.00 482264
631.00 497864

PWM:165
Start:19561980
79.00 856
80.00 1432
95.00 5948
520.00 19468
623.00 34028
633.00 48588
634.00 63148
635.00 77708
635.00 92268
637.00 106828
635.00 122428
640.00 138028
636.00 153628
636.00 169228
640.00 184832
636.00 200428
637.00 216028
639.00 231628
636.00 247228
637.00 262828
638.00 278428
636.00 294028
638.00 309628
637.00 325228
637.00 340828
638.00 356428
637.00 372028
636.00 387628
640.00 403228
636.00 418828
636.00 434428
640.00 450032
636.00 465628
637.00 481228
639.00 496828

PWM:170
Start:20119420
84.00 864
98.00 1448
132.00 6992
554.00 20512
630.00 35068
640.00 49628
641.00 64192
641.00 78748
639.00 93308
641.00 107868
643.00 123468
642.00 139072
641.00 154672
643.00 170268
642.00 185868
640.00 201472
646.00 217068
642.00 232672
641.00 248272
644.00 263868
641.00 279472
642.00 295072
643.00 310668
642.00 326268
643.00 341868
643.00 357468
642.00 373072
643.00 388672
643.00 404272
642.00 419868
643.00 435468
642.00 451072
640.00 466672
646.00 482268
642.00 497868

PWM:175
Start:20677900
80.00 864
82.00 1440
101.00 6988
550.00 20508
633.00 35068
643.00 49628
646.00 64188
648.00 78752
647.00 93308
646.00 107872
649.00 123472
646.00 139072
647.00 154672
647.00 170268
646.00 185868
648.00 201476
647.00 217068
647.00 232672
647.00 248272
647.00 263868
647.00 279468
649.00 295068
647.00 310672
646.00 326268
650.00 341868
647.00 357472
646.00 373072
648.00 388672
646.00 404272
648.00 419872
648.00 435472
647.00 451068
648.00 466668
648.00 482268
646.00 497868

PWM:180
Start:21236380
82.00 864
80.00 1448
85.00 5952
529.00 19468
638.00 34028
650.00 48588
650.00 63148
650.00 77708
651.00 92268
651.00 106828
652.00 122432
653.00 138028
651.00 153628
652.00 169228
652.00 184828
652.00 200428
655.00 216028
651.00 231628
650.00 247228
655.00 262832
651.00 278428
651.00 294028
654.00 309628
651.00 325232
652.00 340828
653.00 356428
651.00 372028
652.00 387628
652.00 403232
651.00 418828
652.00 434428
651.00 450028
651.00 465628
654.00 481232
651.00 496832

PWM:185
Start:21793832
81.00 860
85.00 1444
106.00 6980
564.00 20496
644.00 35060
653.00 49616
656.00 64176
657.00 78736
656.00 93296
655.00 107856
657.00 123456
655.00 139056
655.00 154656
657.00 170256
656.00 185856
657.00 201456
656.00 217064
656.00 232656
657.00 248256
657.00 263860
656.00 279456
658.00 295056
656.00 310656
655.00 326256
658.00 341856
656.00 357456
655.00 373056
658.00 388656
655.00 404256
656.00 419856
657.00 435456
655.00 451056
657.00 466660
657.00 482256
655.00 497860

PWM:190
Start:22352300
84.00 872
82.00 1448
88.00 5948
544.00 19468
648.00 34032
659.00 48588
659.00 63152
659.00 77708
660.00 92272
659.00 106832
661.00 122432
661.00 138028
660.00 153632
661.00 169232
660.00 184828
660.00 200428
662.00 216028
661.00 231628
661.00 247228
662.00 262832
661.00 278432
659.00 294032
662.00 309628
661.00 325232
659.00 340828
662.00 356428
660.00 372028
660.00 387628
661.00 403232
660.00 418828
660.00 434428
661.00 450032
661.00 465628
663.00 481228
661.00 496828

PWM:195
Start:22909740
88.00 864
99.00 1448
128.00 6988
581.00 20508
653.00 35068
662.00 49628
664.00 64188
665.00 78752
665.00 93312
663.00 107868
666.00 123468
664.00 139068
664.00 154668
666.00 170268
665.00 185868
665.00 201468
666.00 217072
665.00 232676
665.00 248268
665.00 263868
665.00 279468
667.00 295068
665.00 310668
665.00 326268
666.00 341868
664.00 357468
663.00 373072
667.00 388672
664.00 404268
664.00 419868
666.00 435468
664.00 451068
665.00 466672
665.00 482268
664.00 497868

PWM:200
Start:23468228
85.00 864
83.00 1440
92.00 5940
557.00 19464
657.00 34020
667.00 48580
667.00 63144
666.00 77700
669.00 92264
667.00 106820
668.00 122424
670.00 138020
668.00 153620
668.00 169220
670.00 184820
669.00 200420
670.00 216020
669.00 231620
669.00 247224
671.00 262820
668.00 278420
667.00 294020
671.00 309620
669.00 325220
667.00 340820
670.00 356420
668.00 372020
668.00 387624
670.00 403220
669.00 418820
669.00 434420
669.00 450020
668.00 465620
671.00 481220
669.00 496824

PWM:205
Start:24025660
91.00 856
102.00 1484
134.00 8028
609.00 21552
664.00 36108
669.00 50672
671.00 65228
672.00 79788
672.00 94348
673.00 108908
672.00 124508
673.00 140108
673.00 155708
673.00 171308
675.00 186908
673.00 202508
672.00 218108
674.00 233708
673.00 249308
671.00 264908
675.00 280508
673.00 296108
671.00 311708
674.00 327308
672.00 342908
672.00 358508
674.00 374108
672.00 389708
673.00 405308
673.00 420908
673.00 436508
676.00 452108
672.00 467708
674.00 483308
675.00 498908

PWM:210
Start:24585180
95.00 864
120.00 1484
161.00 8028
615.00 21556
667.00 36112
674.00 50668
675.00 65228
676.00 79788
678.00 94348
678.00 108908
677.00 124508
677.00 140108
678.00 155708
677.00 171308
678.00 186908
677.00 202508
676.00 218108
676.00 233708
678.00 249308
676.00 264908
675.00 280508
678.00 296108
676.00 311708
675.00 327308
676.00 342908
677.00 358508
678.00 374108
677.00 389708
677.00 405308
678.00 420916
677.00 436508
676.00 452108
678.00 467708
677.00 483308
674.00 498908

PWM:215
Start:25144700
96.00 864
121.00 1484
153.00 8028
620.00 21552
671.00 36108
677.00 50668
680.00 65228
682.00 79792
678.00 94348
680.00 108908
682.00 124512
680.00 140108
681.00 155712
681.00 171308
680.00 186908
679.00 202508
682.00 218108
680.00 233708
679.00 249308
681.00 264908
680.00 280508
680.00 296108
680.00 311708
680.00 327316
683.00 342908
680.00 358512
680.00 374108
682.00 389708
680.00 405308
681.00 420912
681.00 436508
680.00 452108
679.00 467708
682.00 483308
680.00 498912

PWM:220
Start:25704220
87.00 864
88.00 1448
104.00 6992
601.00 20508
673.00 35068
681.00 49628
684.00 64188
684.00 78752
685.00 93312
685.00 107872
684.00 123468
683.00 139072
685.00 154668
684.00 170268
684.00 185868
685.00 201468
684.00 217068
685.00 232668
685.00 248268
683.00 263868
682.00 279468
685.00 295068
683.00 310668
682.00 326272
685.00 341868
684.00 357468
685.00 373068
684.00 388668
684.00 404268
685.00 419868
684.00 435468
684.00 451068
686.00 466668
685.00 482272
684.00 497868

PWM:225
Start:26262708
97.00 864
122.00 1484
155.00 8028
629.00 21540
679.00 36100
686.00 50660
687.00 65224
688.00 79784
687.00 94340
687.00 108900
688.00 124504
688.00 140104
687.00 155700
689.00 171304
687.00 186900
687.00 202504
688.00 218100
687.00 233704
685.00 249300
688.00 264904
687.00 280504
685.00 296100
688.00 311700
687.00 327300
689.00 342900
688.00 358500
688.00 374100
689.00 389704
687.00 405300
687.00 420900
689.00 436500
688.00 452100
688.00 467700
688.00 483300
687.00 498904

PWM:230
Start:26822220
87.00 864
91.00 1440
110.00 6988
613.00 20508
681.00 35068
687.00 49632
689.00 64192
691.00 78748
692.00 93308
688.00 107872
692.00 123468
692.00 139068
692.00 154668
691.00 170268
691.00 185868
692.00 201468
691.00 217068
690.00 232668
691.00 248268
692.00 263868
692.00 279468
692.00 295068
691.00 310668
689.00 326268
692.00 341868
691.00 357468
689.00 373068
691.00 388668
692.00 404268
692.00 419868
690.00 435468
690.00 451068
692.00 466668
691.00 482268
691.00 497868

PWM:235
Start:27380700
99.00 864
124.00 1484
157.00 8028
639.00 21556
686.00 36108
691.00 50668
693.00 65228
691.00 79788
694.00 94348
694.00 108908
695.00 124508
695.00 140108
695.00 155708
695.00 171308
694.00 186908
694.00 202508
694.00 218108
694.00 233708
694.00 249308
695.00 264908
694.00 280508
691.00 296108
695.00 311708
694.00 327308
694.00 342908
695.00 358508
694.00 374108
695.00 389708
695.00 405308
694.00 420916
694.00 436508
694.00 452108
694.00 467708
695.00 483308
694.00 498908

PWM:240
Start:27940220
98.00 864
118.00 1484
156.00 8028
642.00 21552
690.00 36108
696.00 50668
696.00 65228
697.00 79788
697.00 94348
697.00 108908
697.00 124508
698.00 140108
697.00 155708
697.00 171308
698.00 186908
697.00 202508
697.00 218108
697.00 233708
697.00 249308
695.00 264908
698.00 280508
698.00 296108
699.00 311708
698.00 327316
697.00 342908
698.00 358508
697.00 374108
698.00 389708
698.00 405308
697.00 420908
698.00 436508
697.00 452108
697.00 467708
697.00 483308
697.00 498908

PWM:245
Start:28499740
96.00 864
119.00 1492
159.00 8028
647.00 21552
694.00 36108
697.00 50668
700.00 65228
700.00 79792
700.00 94352
701.00 108908
700.00 124512
701.00 140112
701.00 155712
700.00 171308
700.00 186908
701.00 202512
700.00 218108
700.00 233716
700.00 249312
700.00 264912
701.00 280512
701.00 296112
700.00 311712
700.00 327308
700.00 342912
700.00 358508
701.00 374108
700.00 389708
700.00 405312
701.00 420908
700.00 436512
700.00 452108
700.00 467712
700.00 483308
700.00 498912

PWM:250
Start:29059268
99.00 864
124.00 1484
163.00 8020
651.00 21540
696.00 36100
700.00 50660
702.00 65224
703.00 79780
703.00 94344
704.00 108900
703.00 124504
703.00 140108
702.00 155700
703.00 171304
703.00 186900
704.00 202504
703.00 218100
704.00 233704
703.00 249300
703.00 264900
703.00 280504
704.00 296104
703.00 311704
703.00 327300
703.00 342900
703.00 358504
703.00 374100
704.00 389704
704.00 405304
701.00 420900
704.00 436500
704.00 452100
704.00 467700
703.00 483304
704.00 498904

PWM:255
Start:29618784
101.00 912
127.00 1544
173.00 9064
663.00 22584
700.00 37148
704.00 51704
705.00 66268
706.00 80824
706.00 95384
706.00 109948
707.00 125544
706.00 141148
706.00 156744
706.00 172344
706.00 187948
706.00 203548
706.00 219148
706.00 234748
706.00 250344
706.00 265944
705.00 281544
706.00 297148
706.00 312752
706.00 328348
706.00 343948
706.00 359544
707.00 375148
706.00 390744
706.00 406344
706.00 421948
707.00 437548
706.00 453144
706.00 468748
707.00 484348
706.00 499944

