//Usage of samplig timer1 interrupt with 0.001s (1000hz)samples and increased timer2 for less PWM flicker on port 3 led
*** WAIT ***
PWM:0
Start:1139384
0 1139152
0 1141168
0 1142176
0 1143184
0 1144192
0 1146208
0 1149232
0 1152256
0 1155280
0 1158304
0 1161328
0 1163344
0 1166368
0 1169392
0 1172416
0 1175440
0 1178464
0 1180480
0 1183504
0 1186528
0 1189552
0 1192576
0 1195600
0 1197616
0 1200640
0 1203664
0 1206688
0 1209712
0 1212736
0 1214752
0 1217776
0 1220800
0 1223824
0 1226848
0 1229872
0 1231888
0 1234912
0 1237936
0 1240960
0 1243984
0 1247008
0 1249024
0 1252048
0 1255072
0 1258096
0 1261120
0 1264144
0 1267168
0 1269184
0 1272208
0 1275232
0 1278256
0 1281280
0 1284304
0 1286320
0 1289344
0 1292368
0 1295392
0 1298416
0 1301440
0 1303456
0 1306480
0 1309504
0 1312528
0 1315552
0 1318576
0 1320592
0 1323616
0 1326640
0 1329664
0 1332688
0 1335712
0 1337728
0 1340752
0 1343776
0 1346800
0 1349824
0 1352848
0 1354864
0 1357888
0 1360912
0 1363936
0 1366960
0 1369984
0 1373008
0 1375024
0 1378048
0 1381072
0 1384096
0 1387120
0 1390144
0 1392160
0 1395184
0 1398208
0 1401232
0 1404256
0 1407280
0 1409296
0 1412320
0 1415344
0 1418368
0 1421400
0 1424416
0 1426432
0 1429456
0 1432480
0 1435504
0 1438528
0 1441552
0 1443568
0 1446592
0 1449616
0 1452640
0 1455664
0 1458688
0 1460704
0 1463728
0 1466752
0 1469776
0 1472800
0 1475824
0 1477840
0 1480864
0 1483888
0 1486920
0 1489936
0 1492960
0 1495984
0 1498000
0 1501024
0 1504048
0 1507072
0 1510096
0 1513120
0 1515136
0 1518160
0 1521184
0 1524208
0 1527232
0 1530256
0 1532272
0 1535296
0 1538320
0 1541344
0 1544368
0 1547392
0 1549408
0 1552432
0 1555456
0 1558480
0 1561504
0 1564528
0 1566544
0 1569568
0 1572592
0 1575616
0 1578640
0 1581664
0 1583680
0 1586704
0 1589728
0 1592752
0 1595776
0 1598800
0 1600816
0 1603840
0 1606864
0 1609888
0 1612912
0 1615936
0 1618960
0 1620976
0 1624000
0 1627024
0 1630048
0 1633072
0 1636096
0 1638112

PWM:5
Start:1642020

PWM:10
Start:1643300

PWM:15
Start:1644328

PWM:20
Start:1645356

PWM:25
Start:1646376

PWM:30
Start:1647400

PWM:35
Start:1648424

PWM:40
Start:1649448
86 1649480
118 1653472
142 1656496
164 1659520
192 1663552
209 1666576
222 1669600
240 1673632
251 1676656
261 1679680
273 1683712
283 1686736
286 1689760
294 1693792
299 1696816
303 1699840
309 1703872
314 1706896
318 1710928
320 1713952
322 1716976
325 1721008
328 1724032
330 1727056
334 1731088
334 1734120
335 1737136
337 1741168
339 1744192
340 1747216
344 1751248
343 1754272
344 1758320
345 1761328
346 1764352
348 1768384
351 1771408
349 1774432
350 1778464
351 1781488
352 1784512
354 1788544
354 1791568
356 1794592
355 1798624
356 1801648
356 1804672
357 1808704
358 1811728
360 1815760
359 1818784
360 1821808
360 1825840
360 1828864
361 1831888
364 1835920
362 1838944
362 1841968
363 1846000
363 1849024
363 1852048
364 1856080
366 1859104
365 1862128
365 1866160
365 1869184
366 1873216
367 1876240
369 1879264
366 1883296
366 1886320
368 1889344
368 1893376
368 1896400
370 1899424
368 1903456
368 1906480
369 1909504
369 1913536
370 1916560
370 1919584
372 1923616
370 1926640
370 1930680
370 1933696
371 1936720
371 1940752
373 1943776
371 1946800
372 1950832
372 1953856
372 1956880
373 1960912
374 1963936
372 1966960
372 1970992
373 1974016
373 1977040
373 1981072
373 1984096
375 1988128
373 1991152
374 1994176
375 1998208
374 2001232
374 2004256
376 2008288
374 2011312
374 2014336
375 2018368
375 2021392
375 2024416
378 2028448
375 2031472
375 2034496
376 2038528
375 2041552
376 2045584
376 2048608
378 2051632
376 2055664
376 2058688
376 2061720
376 2065744
376 2068768
379 2071792
376 2075824
376 2078848
377 2081872
377 2085904
378 2088928
378 2091952
377 2095984
377 2099008
378 2103040
378 2106064
377 2109088
378 2113120
380 2116144
378 2119168
378 2123200
379 2126224
378 2129248
378 2133280
380 2136304
378 2139328
378 2143360
379 2146384
378 2149408

PWM:45
Start:2154276

PWM:50
Start:2155308
339 2155336
361 2159296
376 2162320
392 2166352
397 2169376
403 2172400
408 2176432
411 2179456
413 2182480
417 2186512
418 2189536
416 2192560
417 2196592
419 2199616
418 2202640
419 2206672
421 2209696
419 2212720
419 2216752
420 2219776
420 2223808
420 2226832
423 2229856
420 2233888
420 2236912
420 2239936
421 2243968
421 2247000
421 2250016
423 2254048
421 2257072
422 2260096
422 2264128
422 2267152
422 2270176
424 2274208
422 2277232
422 2281264
422 2284288
423 2287312
422 2291344
424 2294368
424 2297392
422 2301424
423 2304448
422 2307472
422 2311504
423 2314528
425 2317552
423 2321584
423 2324608
423 2328640
423 2331664
423 2334688
426 2338720
423 2341744
423 2344768
423 2348800
423 2351824
424 2354848
426 2358880
425 2361904
423 2364928
423 2368960
423 2371984
424 2375008
424 2379040
426 2382064
424 2386096
424 2389120
425 2392144
424 2396176
424 2399200
426 2402224
423 2406256
424 2409280
424 2412304
424 2416336
424 2419360
426 2422384
424 2426416
424 2429440
424 2432464
424 2436496
425 2439520
425 2443560
426 2446576
425 2449600
424 2453632
425 2456656
425 2459680
424 2463712
427 2466736
424 2469760
424 2473792
425 2476816
425 2479840
425 2483872
427 2486896
427 2489920
424 2493952
425 2496976
425 2501008
425 2504032
425 2507056
427 2511088
425 2514112
425 2517136
425 2521168
425 2524192
425 2527216
427 2531248
425 2534272
425 2537296
425 2541328
425 2544352
425 2547376
428 2551408
427 2554432
425 2558464
425 2561488
425 2564512
425 2568544
426 2571568
427 2574600
425 2578624
425 2581648
426 2584672
426 2588704
426 2591728
428 2594752
425 2598784
425 2601808
426 2604832
426 2608864
426 2611888
429 2615920
427 2618944
426 2621968
426 2626000
426 2629024
426 2632048
427 2636080
428 2639104
425 2642128
426 2646160
426 2649184
427 2652208

PWM:55
Start:2657056

PWM:60
Start:2658088
386 2658120
408 2662096
421 2665120
436 2669152
440 2672176
445 2675200
451 2679232
453 2682256
454 2685280
458 2689312
459 2692336
457 2695360
458 2699392
458 2702416
458 2705440
461 2709472
461 2712496
459 2715520
459 2719552
460 2722576
459 2726608
460 2729632
462 2732656
459 2736688
460 2739712
460 2742736
460 2746768
460 2749792
462 2752816
462 2756848
460 2759872
461 2762896
460 2766928
461 2769952
461 2772976
463 2777008
460 2780032
461 2784064
461 2787088
461 2790112
461 2794144
463 2797168
460 2800192
461 2804224
461 2807248
461 2810272
461 2814304
463 2817328
463 2820352
461 2824384
461 2827408
462 2830432
461 2834464
461 2837488
463 2841520
461 2844544
461 2847568
461 2851600
461 2854624
461 2857648
463 2861680
461 2864704
461 2867728
461 2871760
461 2874784
461 2877808
463 2881840
463 2884864
462 2887888
461 2891920
461 2894944
461 2898976
460 2902000
464 2905024
462 2909056
461 2912080
461 2915104
461 2919136
461 2922160
464 2925184
461 2929216
461 2932240
462 2935264
461 2939296
462 2942320
464 2945344
463 2949376
462 2952400
462 2956432
462 2959456
462 2962480
464 2966512
463 2969536
461 2972560
462 2976592
462 2979616
462 2982640
462 2986672
464 2989696
465 2992720
462 2996752
462 2999776
462 3002800
462 3006832
464 3009856
463 3013888
461 3016912
462 3019936
462 3023968
462 3026992
462 3030016
464 3034048
462 3037072
461 3040096
462 3044128
462 3047152
462 3050176
464 3054208
462 3057232
462 3061264
462 3064288
462 3067312
463 3071344
464 3074368
464 3077392
462 3081424
462 3084448
462 3087472
462 3091504
463 3094528
464 3097552
462 3101584
462 3104608
462 3107632
462 3111664
462 3114688
464 3118720
462 3121744
462 3124768
463 3128800
463 3131824
462 3134848
464 3138880
464 3141904
463 3144928
462 3148960
462 3151984
462 3155008

PWM:65
Start:3159844

PWM:70
Start:3160872
417 3160904
441 3164896
457 3167920
467 3171952
473 3174976
478 3178000
482 3182032
484 3185056
485 3188080
489 3192112
487 3195136
488 3198160
489 3202192
489 3205216
489 3208240
491 3212272
491 3215296
489 3218320
490 3222352
490 3225376
490 3229408
492 3232432
492 3235456
490 3239488
490 3242512
491 3245544
491 3249568
490 3252592
492 3255616
490 3259648
490 3262672
490 3265696
491 3269728
491 3272752
493 3275776
493 3279808
490 3282832
490 3286864
491 3289888
491 3292912
493 3296944
493 3299968
490 3302992
490 3307024
491 3310048
491 3313072
491 3317104
493 3320128
493 3323152
491 3327184
491 3330208
491 3333232
491 3337264
493 3340288
493 3344320
491 3347344
491 3350368
491 3354400
491 3357424
491 3360448
493 3364480
491 3367504
491 3370528
491 3374560
491 3377584
491 3380608
493 3384640
492 3387664
491 3390688
491 3394720
491 3397744
491 3401776
493 3404800
494 3407824
491 3411856
491 3414880
491 3417904
492 3421936
493 3424960
493 3427984
491 3432016
491 3435040
491 3438064
491 3442104
491 3445120
494 3448144
491 3452176
491 3455200
491 3459232
492 3462256
492 3465280
493 3469312
493 3472336
491 3475360
492 3479392
491 3482416
492 3485440
493 3489472
493 3492496
491 3495520
491 3499552
491 3502576
491 3505600
492 3509632
494 3512656
491 3516688
491 3519712
491 3522736
492 3526768
491 3529792
494 3532816
493 3536848
491 3539872
492 3542896
491 3546928
491 3549952
492 3552976
493 3557008
492 3560032
491 3563056
491 3567088
492 3570112
491 3574144
493 3577168
493 3580192
491 3584224
491 3587248
491 3590272
492 3594304
493 3597328
493 3600352
491 3604384
492 3607408
492 3610432
492 3614464
492 3617488
494 3620512
492 3624544
491 3627568
491 3631600
491 3634624
491 3637648
493 3641680
493 3644704
492 3647728
491 3651760
492 3654784
492 3657808

PWM:75
Start:3662632

PWM:80
Start:3663656
441 3663688
467 3667696
483 3670720
493 3674768
500 3677776
504 3680800
509 3684832
510 3687856
513 3690880
514 3694912
513 3697936
514 3700960
514 3704992
515 3708016
515 3711040
517 3715072
517 3718096
515 3721120
515 3725152
516 3728176
516 3732208
518 3735232
518 3738256
516 3742288
516 3745312
516 3748336
516 3752368
518 3755392
519 3758416
516 3762448
516 3765472
516 3768496
516 3772528
516 3775552
519 3778576
518 3782608
517 3785632
516 3789664
516 3792688
516 3795712
518 3799744
518 3802768
516 3805792
516 3809824
516 3812848
516 3815872
518 3819904
518 3822928
516 3825952
516 3829984
516 3833008
516 3836032
517 3840064
519 3843088
518 3847128
516 3850144
516 3853168
516 3857200
517 3860224
519 3863248
519 3867280
516 3870304
516 3873328
516 3877360
517 3880384
518 3883408
519 3887440
516 3890464
516 3893488
516 3897520
517 3900544
516 3904576
518 3907600
518 3910624
516 3914656
516 3917680
516 3920704
517 3924736
519 3927760
519 3930784
516 3934816
516 3937840
517 3940864
516 3944896
518 3947920
519 3950944
516 3954976
516 3958000
516 3962032
517 3965056
517 3968080
519 3972112
518 3975136
516 3978168
517 3982192
516 3985216
516 3988240
518 3992272
519 3995296
517 3998320
517 4002352
517 4005376
516 4008400
519 4012432
519 4015456
518 4019488
516 4022512
517 4025536
516 4029568
517 4032592
518 4035616
518 4039648
516 4042672
516 4045696
516 4049728
517 4052752
518 4055776
519 4059808
516 4062832
516 4065856
517 4069888
517 4072912
517 4076944
518 4079968
516 4082992
516 4087024
516 4090048
516 4093072
517 4097104
518 4100128
519 4103152
516 4107184
516 4110208
517 4113232
517 4117264
519 4120288
518 4123312
516 4127344
516 4130368
516 4134400
517 4137424
519 4140448
518 4144480
517 4147504
517 4150528
516 4154560
516 4157584
516 4160608

PWM:85
Start:4165408

PWM:90
Start:4166440
461 4166472
488 4170496
505 4173520
516 4176544
523 4180576
527 4183600
530 4187632
532 4190656
536 4193680
537 4197712
535 4200736
536 4203760
537 4207792
536 4210816
539 4213840
539 4217872
541 4220896
537 4223920
537 4227952
538 4230976
537 4234000
539 4238032
540 4241056
538 4245088
538 4248112
538 4251136
538 4255168
540 4258192
540 4261216
538 4265248
538 4268272
538 4271296
538 4275328
540 4278352
540 4281376
538 4285408
538 4288432
538 4291456
538 4295488
538 4298512
540 4302544
540 4305568
538 4308592
538 4312624
539 4315648
538 4318672
540 4322704
540 4325736
538 4328752
538 4332784
538 4335808
538 4338832
540 4342864
540 4345888
540 4348912
538 4352944
538 4355968
539 4360000
538 4363024
540 4366048
540 4370080
538 4373104
538 4376128
538 4380160
538 4383184
540 4386208
541 4390240
538 4393264
538 4396288
538 4400320
538 4403344
540 4407376
541 4410400
540 4413424
538 4417456
538 4420480
539 4423504
537 4427536
541 4430560
540 4433584
538 4437616
538 4440640
538 4443664
539 4447696
540 4450720
540 4453744
538 4457776
538 4460800
538 4464832
538 4467856
540 4470880
540 4474912
541 4477936
538 4480960
538 4484992
538 4488016
539 4491040
540 4495072
540 4498096
538 4501120
538 4505152
538 4508176
538 4511200
540 4515232
540 4518256
538 4522288
538 4525312
538 4528336
538 4532368
541 4535392
541 4538416
538 4542448
538 4545472
538 4548496
539 4552528
539 4555552
541 4558576
540 4562608
539 4565632
538 4568656
538 4572688
538 4575712
541 4579752
540 4582768
538 4585792
539 4589824
538 4592848
538 4595872
540 4599904
540 4602928
540 4605952
538 4609984
538 4613008
538 4616032
538 4620064
541 4623088
540 4626112
538 4630144
538 4633168
538 4637200
538 4640224
540 4643248
540 4647280
538 4650304
538 4653328
538 4657360
538 4660384
540 4663408

PWM:95
Start:4668196

PWM:100
Start:4668460
479 4670272
508 4673296
525 4676320
536 4680352
543 4683376
546 4686400
550 4690432
554 4693456
555 4696480
557 4700512
554 4703536
555 4707568
556 4710592
556 4713616
559 4717648
558 4720672
556 4723696
556 4727728
557 4730752
556 4733776
559 4737808
559 4740832
559 4743856
557 4747888
557 4750912
557 4753936
559 4757968
559 4760992
559 4765024
556 4768048
557 4771072
557 4775104
557 4778128
559 4781152
559 4785184
557 4788216
557 4791232
557 4795264
558 4798288
559 4801312
559 4805344
559 4808368
557 4811392
557 4815424
557 4818448
559 4822480
559 4825504
559 4828528
557 4832560
557 4835584
557 4838608
557 4842640
560 4845664
559 4848688
557 4852720
558 4855744
557 4858768
557 4862800
560 4865824
559 4869856
559 4872880
557 4875904
558 4879936
557 4882960
557 4885984
559 4890016
559 4893040
557 4896064
557 4900096
557 4903120
557 4906144
559 4910176
559 4913200
557 4916224
558 4920256
557 4923280
557 4927312
560 4930336
559 4933360
557 4937392
557 4940416
557 4943440
558 4947472
559 4950496
560 4953520
559 4957552
558 4960576
557 4963600
557 4967632
557 4970656
560 4973680
560 4977712
557 4980736
557 4984776
557 4987792
558 4990816
560 4994848
559 4997872
559 5000896
557 5004928
557 5007952
558 5010976
559 5015008
560 5018032
559 5021056
557 5025088
557 5028112
557 5031136
557 5035168
559 5038192
560 5042224
558 5045248
557 5048272
557 5052304
558 5055328
559 5058352
559 5062384
559 5065408
557 5068432
557 5072464
557 5075488
557 5078512
559 5082544
559 5085568
557 5088592
557 5092624
557 5095648
557 5099680
560 5102704
559 5105728
557 5109760
557 5112784
557 5115816
558 5119840
559 5122864
559 5125888
559 5129920
558 5132944
557 5135968
557 5140000
558 5143024
559 5146048
559 5150080
557 5153104
557 5157136
557 5160160
557 5163184
559 5167216

PWM:105
Start:5170216
513 5171136
531 5174160
542 5177184
554 5181216
558 5184240
561 5187264
562 5191296
563 5194320
564 5197344
566 5201376
566 5204400
567 5207424
565 5211456
565 5214480
565 5217504
567 5221536
568 5224560
568 5228592
565 5231616
566 5234640
565 5238672
566 5241696
568 5244720
569 5248752
566 5251776
566 5254800
565 5258832
566 5261856
568 5264880
568 5268912
568 5271936
566 5274960
566 5278992
566 5282016
568 5286048
568 5289072
568 5292096
566 5296128
566 5299152
565 5302176
566 5306208
568 5309232
568 5312256
566 5316288
566 5319312
566 5322336
566 5326368
568 5329392
568 5332416
568 5336448
566 5339472
566 5343504
566 5346528
566 5349552
568 5353584
568 5356608
566 5359632
566 5363664
565 5366688
566 5369712
568 5373744
568 5376768
568 5379792
566 5383824
566 5386848
566 5389872
568 5393904
568 5396928
568 5400960
566 5403984
566 5407008
566 5411040
566 5414064
568 5417088
568 5421120
566 5424144
566 5427168
566 5431200
566 5434224
568 5437248
568 5441280
568 5444304
566 5447328
566 5451360
566 5454384
568 5458416
568 5461440
568 5464464
566 5468496
566 5471520
566 5474544
568 5478576
568 5481608
568 5484624
566 5488656
566 5491680
566 5494704
566 5498736
568 5501760
568 5504784
565 5508816
566 5511840
566 5515872
566 5518896
568 5521920
568 5525952
568 5528976
566 5532000
566 5536032
566 5539056
566 5542080
568 5546112
568 5549136
566 5552160
566 5556192
566 5559216
566 5563248
568 5566272
568 5569296
565 5573328
566 5576352
566 5579376
566 5583408
568 5586432
568 5589456
568 5593488
566 5596512
565 5599536
566 5603568
566 5606592
568 5609616
568 5613648
566 5616672
566 5620704
566 5623728
566 5626752
568 5630784
568 5633808
568 5636832
566 5640864
566 5643888
566 5646912
568 5650944
568 5653968
568 5656992
566 5661024
566 5664048
566 5667072

PWM:110
Start:5670952
521 5672016
540 5676048
551 5679072
558 5682096
565 5686128
570 5689152
571 5693184
571 5696208
572 5699232
572 5703264
573 5706288
575 5709312
575 5713344
575 5716368
574 5719392
573 5723424
574 5726448
576 5729472
576 5733504
575 5736528
574 5739552
574 5743584
574 5746608
574 5750640
576 5753664
576 5756688
574 5760720
574 5763744
574 5766768
574 5770800
576 5773824
576 5776848
576 5780880
574 5783904
574 5786928
574 5790968
576 5793984
576 5797008
576 5801040
574 5804064
574 5808096
574 5811120
574 5814144
576 5818176
576 5821200
574 5824224
574 5828256
574 5831280
574 5834304
576 5838336
576 5841360
576 5844384
574 5848416
574 5851440
574 5854464
576 5858496
576 5861520
576 5865552
574 5868576
574 5871600
574 5875632
574 5878656
576 5881680
576 5885712
574 5888736
574 5891760
574 5895792
574 5898816
576 5901840
576 5905872
576 5908896
574 5911920
574 5915952
574 5918976
576 5923008
576 5926032
576 5929056
574 5933088
574 5936112
574 5939136
574 5943168
576 5946192
576 5949216
574 5953248
574 5956272
574 5959296
574 5963328
576 5966352
576 5969376
576 5973408
574 5976432
574 5980464
574 5983488
576 5986512
576 5990544
576 5993568
574 5996592
574 6000624
574 6003648
574 6006672
576 6010704
576 6013728
576 6016752
574 6020784
574 6023808
574 6026832
576 6030864
576 6033888
576 6037920
575 6040944
574 6043968
574 6048000
576 6051024
576 6054048
577 6058080
574 6061104
574 6064128
574 6068160
574 6071184
576 6074208
576 6078240
574 6081264
574 6084288
574 6088320
574 6091344
576 6095376
576 6098400
576 6101424
574 6105456
575 6108480
574 6111504
576 6115536
576 6118568
576 6121584
574 6125616
574 6128640
574 6131664
574 6135696
576 6138720
576 6141744
574 6145776
574 6148800
574 6152832
574 6155856
576 6158880
576 6162912
576 6165936
574 6168960

PWM:115
Start:6172708
532 6173904
553 6177936
563 6180960
568 6183984
574 6188016
576 6191040
580 6194064
581 6198096
582 6201120
580 6204144
581 6208176
581 6211200
581 6215232
583 6218256
584 6221280
581 6225312
581 6228336
582 6231368
582 6235392
584 6238416
584 6241440
584 6245472
582 6248496
581 6251520
581 6255552
584 6258576
584 6261600
584 6265632
581 6268656
581 6272688
581 6275712
582 6278736
584 6282768
584 6285792
583 6288816
581 6292848
582 6295872
582 6298896
584 6302928
584 6305952
584 6308976
581 6313008
582 6316032
582 6319056
584 6323088
584 6326112
584 6330144
581 6333168
582 6336192
582 6340224
582 6343248
584 6346272
584 6350304
584 6353328
581 6356352
582 6360384
582 6363408
584 6366432
584 6370464
584 6373488
582 6376512
582 6380544
582 6383568
582 6387600
584 6390624
584 6393648
582 6397680
582 6400704
582 6403728
582 6407760
584 6410784
584 6413808
583 6417840
582 6420864
582 6423888
582 6427928
584 6430944
584 6433968
584 6438000
582 6441024
582 6445056
582 6448080
584 6451104
584 6455136
584 6458160
582 6461184
581 6465216
581 6468240
582 6471264
584 6475296
584 6478320
584 6481344
582 6485376
582 6488400
582 6491424
584 6495456
584 6498480
584 6502512
582 6505536
582 6508560
582 6512592
584 6515616
584 6518640
584 6522672
582 6525696
582 6528720
582 6532752
582 6535776
584 6538800
584 6542832
584 6545856
582 6548880
582 6552912
582 6555936
584 6559968
584 6562992
584 6566016
582 6570048
582 6573072
582 6576096
585 6580128
585 6583152
584 6586176
581 6590208
582 6593232
582 6596256
582 6600288
584 6603312
584 6606336
584 6610368
582 6613392
582 6617424
582 6620448
584 6623472
584 6627504
585 6630528
582 6633552
582 6637584
582 6640608
582 6643632
584 6647664
584 6650688
582 6653712
582 6657744
582 6660768
582 6663792
584 6667824
584 6670848

PWM:120
Start:6674468
539 6675792
555 6679824
572 6682848
578 6685872
583 6689904
583 6692928
586 6695952
587 6699984
589 6703008
590 6706032
591 6710064
588 6713088
588 6716112
588 6720144
588 6723168
591 6726192
591 6730224
592 6733248
589 6737288
589 6740304
589 6743328
591 6747360
591 6750384
591 6753408
589 6757440
589 6760464
589 6763488
592 6767520
591 6770544
591 6773568
589 6777600
590 6780624
590 6783648
591 6787680
591 6790704
591 6794736
589 6797760
589 6800784
589 6804816
589 6807840
591 6810864
592 6814896
591 6817920
589 6820944
589 6824976
589 6828000
591 6831024
592 6835056
592 6838080
589 6841104
590 6845136
589 6848160
589 6852192
591 6855216
591 6858240
589 6862272
589 6865296
589 6868320
590 6872352
591 6875376
592 6878400
591 6882432
589 6885456
589 6888480
589 6892512
592 6895536
591 6898560
591 6902592
589 6905616
589 6909648
589 6912672
589 6915696
591 6919728
591 6922752
591 6925776
589 6929808
589 6932832
589 6935856
591 6939888
591 6942912
591 6945936
589 6949968
590 6952992
590 6956016
591 6960048
591 6963072
592 6967104
589 6970128
589 6973152
589 6977184
589 6980208
591 6983232
592 6987264
593 6990288
589 6993312
589 6997344
589 7000368
591 7003392
591 7007424
591 7010448
589 7013472
590 7017504
589 7020528
591 7024560
591 7027584
591 7030608
589 7034640
590 7037664
589 7040688
591 7044720
591 7047744
591 7050768
590 7054800
589 7057824
589 7060848
589 7064888
592 7067904
591 7070928
591 7074960
589 7077984
589 7082016
589 7085040
591 7088064
592 7092096
591 7095120
590 7098144
589 7102176
590 7105200
590 7108224
591 7112256
591 7115280
591 7118304
590 7122336
589 7125360
589 7128384
592 7132416
591 7135440
591 7139472
589 7142496
590 7145520
590 7149552
592 7152576
592 7155600
591 7159632
589 7162656
590 7165680
589 7169712
590 7172736

PWM:125
Start:7176232
541 7177688
561 7180704
576 7184736
583 7187760
590 7190784
593 7194816
594 7197840
593 7201872
595 7204896
595 7207920
598 7211952
598 7214976
598 7218000
596 7222032
596 7225056
596 7228080
599 7232112
598 7235136
598 7238160
596 7242192
596 7245216
596 7248240
596 7252272
598 7255296
598 7259328
598 7262352
596 7265376
596 7269408
596 7272432
598 7275456
598 7279488
598 7282512
597 7285536
596 7289568
596 7292592
599 7295616
598 7299648
599 7302672
596 7305696
596 7309728
596 7312752
597 7316784
598 7319808
599 7322832
599 7326864
596 7329888
596 7332912
596 7336944
598 7339968
599 7342992
598 7347024
596 7350048
597 7353072
597 7357104
599 7360128
599 7363152
598 7367184
596 7370208
596 7374248
596 7377264
597 7380288
599 7384320
598 7387344
598 7390368
596 7394400
596 7397424
597 7400448
599 7404480
598 7407504
599 7410528
596 7414560
596 7417584
596 7420608
598 7424640
599 7427664
598 7431696
596 7434720
596 7437744
596 7441776
596 7444800
598 7447824
599 7451856
598 7454880
596 7457904
596 7461936
597 7464960
599 7467984
598 7472016
598 7475040
596 7478064
596 7482096
596 7485120
598 7489152
598 7492176
599 7495200
597 7499232
596 7502256
597 7505288
597 7509312
599 7512336
598 7515360
598 7519392
596 7522416
597 7525440
596 7529472
598 7532496
598 7535520
598 7539552
596 7542576
596 7546608
596 7549632
599 7552656
598 7556688
598 7559712
596 7562736
596 7566768
596 7569792
596 7572816
599 7576848
598 7579872
599 7582896
596 7586928
596 7589952
597 7592976
599 7597008
599 7600032
598 7604064
597 7607088
596 7610112
597 7614144
599 7617168
598 7620192
598 7624224
597 7627248
597 7630272
596 7634304
596 7637328
598 7640352
598 7644384
598 7647408
596 7650432
596 7654464
596 7657488
598 7661520
598 7664544
598 7667568
596 7671600
596 7674624

PWM:130
Start:7677992
548 7679568
570 7682592
584 7686624
591 7689648
595 7692672
600 7696704
601 7699728
603 7702752
601 7706784
602 7709808
602 7712832
602 7716864
605 7719888
604 7722912
605 7726944
603 7729968
603 7734000
603 7737024
605 7740048
605 7744080
605 7747104
603 7750128
603 7754160
602 7757184
605 7760208
605 7764240
605 7767264
605 7770288
603 7774320
603 7777344
603 7780368
605 7784400
605 7787424
605 7791456
603 7794480
603 7797504
603 7801536
606 7804560
606 7807584
605 7811616
603 7814648
603 7817664
603 7821696
605 7824720
605 7827744
605 7831776
605 7834800
603 7837824
603 7841856
603 7844880
605 7848912
605 7851936
605 7854960
603 7858992
603 7862016
603 7865040
605 7869072
605 7872096
605 7875120
603 7879152
603 7882176
603 7885200
605 7889232
605 7892256
605 7896288
605 7899312
603 7902336
603 7906368
604 7909392
605 7912416
605 7916448
605 7919472
603 7922496
603 7926528
603 7929552
606 7932576
605 7936608
605 7939632
603 7942656
603 7946688
603 7949712
603 7953744
606 7956768
605 7959792
603 7963824
603 7966848
603 7969872
603 7973904
605 7976928
605 7979952
605 7983984
603 7987008
603 7990032
603 7994064
605 7997088
605 8000112
605 8004144
603 8007168
603 8011208
603 8014224
606 8017248
605 8021280
605 8024304
605 8027328
603 8031360
603 8034384
603 8037408
606 8041440
605 8044464
605 8047488
603 8051520
603 8054544
603 8057568
605 8061600
605 8064624
606 8068656
603 8071680
603 8074704
603 8078736
605 8081760
606 8084784
605 8088816
605 8091840
603 8094864
603 8098896
604 8101920
605 8104944
606 8108976
605 8112000
603 8115024
603 8119056
603 8122080
605 8126112
605 8129136
605 8132160
603 8136192
603 8139216
603 8142248
605 8146272
605 8149296
605 8152320
605 8156352
603 8159376
603 8162400
603 8166432
605 8169456
605 8172480
605 8176512

PWM:135
Start:8179752
557 8181456
579 8184480
591 8187504
599 8191536
601 8194560
605 8198592
606 8201616
609 8204640
610 8208672
610 8211696
610 8214720
608 8218752
608 8221776
609 8224800
611 8228832
611 8231856
612 8234880
609 8238912
609 8241936
609 8244960
612 8248992
612 8252016
611 8256048
609 8259072
609 8262096
609 8266128
611 8269152
611 8272176
612 8276208
609 8279232
610 8282256
609 8286288
611 8289312
611 8292336
612 8296368
611 8299392
609 8302416
610 8306448
609 8309472
611 8313504
612 8316528
611 8319552
609 8323584
609 8326608
609 8329632
612 8333664
612 8336688
612 8339712
609 8343744
609 8346768
609 8349792
612 8353824
611 8356848
612 8359872
612 8363904
610 8366928
609 8370960
610 8373984
611 8377008
612 8381040
611 8384064
610 8387088
610 8391120
610 8394144
612 8397168
611 8401200
612 8404224
611 8407248
610 8411280
609 8414304
610 8417328
612 8421360
612 8424384
612 8428416
609 8431440
610 8434464
609 8438496
611 8441520
612 8444544
611 8448576
609 8451608
610 8454624
609 8458656
611 8461680
611 8464704
612 8468736
611 8471760
610 8474784
609 8478816
610 8481840
611 8485872
612 8488896
612 8491920
609 8495952
609 8498976
609 8502000
611 8506032
612 8509056
611 8512080
609 8516112
610 8519136
610 8522160
612 8526192
611 8529216
612 8533248
610 8536272
610 8539296
610 8543328
611 8546352
611 8549376
612 8553408
612 8556432
610 8559456
610 8563488
609 8566512
612 8569536
612 8573568
612 8576592
610 8579616
609 8583648
609 8586672
611 8590704
612 8593728
612 8596752
610 8600784
609 8603808
609 8606832
611 8610864
611 8613888
612 8616912
611 8620944
609 8623968
610 8626992
609 8631024
612 8634048
611 8637072
611 8641104
609 8644128
610 8648168
609 8651184
612 8654208
612 8658240
611 8661264
612 8664288
609 8668320
609 8671344
609 8674368
611 8678400

PWM:140
Start:8681512
566 8683344
585 8686368
596 8689392
606 8693424
610 8696448
613 8699472
612 8703504
614 8706528
614 8709552
616 8713584
617 8716608
617 8720640
615 8723664
615 8726688
615 8730720
617 8733744
617 8736768
617 8740800
617 8743824
616 8746848
615 8750880
616 8753904
617 8756928
618 8760968
617 8763984
616 8767008
616 8771040
616 8774064
617 8778096
617 8781120
618 8784144
616 8788176
616 8791200
615 8794224
618 8798256
618 8801280
619 8804304
618 8808336
615 8811360
616 8814384
618 8818416
618 8821440
618 8824464
618 8828496
616 8831520
616 8835552
616 8838576
618 8841600
618 8845632
618 8848656
615 8851680
615 8855712
615 8858736
618 8861760
618 8865792
618 8868816
617 8871840
615 8875872
615 8878896
615 8881920
618 8885952
618 8888976
618 8893008
616 8896032
615 8899056
616 8903088
618 8906112
617 8909136
618 8913168
616 8916192
615 8919216
616 8923248
618 8926272
618 8929296
618 8933328
617 8936352
615 8939376
615 8943408
616 8946432
618 8950464
618 8953488
618 8956512
616 8960544
616 8963568
615 8966592
618 8970624
618 8973648
617 8976672
615 8980704
615 8983728
616 8986752
618 8990784
618 8993808
618 8996832
618 9000864
615 9003888
616 9007920
616 9010944
618 9013968
618 9018000
618 9021024
616 9024048
616 9028080
615 9031104
618 9034128
617 9038160
618 9041184
618 9044208
615 9048240
616 9051264
618 9054288
618 9058320
618 9061344
618 9065376
615 9068400
616 9071424
618 9075456
618 9078480
617 9081504
617 9085536
615 9088568
616 9091584
615 9095616
618 9098640
618 9101664
617 9105696
615 9108720
616 9111744
615 9115776
618 9118800
617 9122832
618 9125856
618 9128880
615 9132912
616 9135936
616 9138960
618 9142992
618 9146016
618 9149040
615 9153072
616 9156096
615 9159120
618 9163152
618 9166176
618 9170208
615 9173232
615 9176256
616 9180288

PWM:145
Start:9183268
568 9184208
592 9187232
602 9190256
610 9194288
616 9197312
618 9200344
621 9204368
622 9207392
620 9210416
620 9214448
621 9217472
623 9220496
623 9224528
624 9227552
621 9230576
621 9234608
621 9237632
624 9241664
624 9244688
624 9247712
621 9251744
621 9254768
621 9257792
624 9261824
624 9264848
623 9267872
623 9271904
621 9274928
621 9277952
621 9281984
624 9285008
624 9288032
624 9292064
621 9295088
622 9299120
621 9302144
623 9305168
624 9309200
623 9312224
624 9315248
621 9319280
622 9322304
623 9325328
624 9329360
624 9332384
623 9335408
622 9339440
622 9342464
621 9345488
623 9349520
624 9352544
623 9356576
622 9359600
622 9362624
621 9366656
623 9369680
624 9372704
624 9376736
623 9379760
622 9382784
622 9386816
624 9389840
624 9392864
624 9396904
624 9399920
621 9402944
622 9406976
622 9410000
623 9414032
624 9417056
624 9420080
622 9424112
622 9427136
621 9430160
623 9434192
624 9437216
624 9440240
623 9444272
622 9447296
621 9450320
624 9454352
624 9457376
624 9460400
624 9464432
621 9467456
621 9471488
621 9474512
623 9477536
624 9481568
624 9484592
621 9487616
621 9491648
621 9494672
624 9497696
624 9501728
624 9504752
623 9507776
622 9511808
622 9514832
623 9517856
624 9521888
623 9524912
623 9528944
621 9531968
622 9534992
621 9539024
624 9542048
624 9545072
623 9549104
621 9552128
621 9555152
621 9559184
624 9562208
624 9565232
624 9569264
623 9572288
621 9575312
621 9579344
624 9582368
624 9586400
624 9589424
624 9592448
622 9596480
621 9599504
621 9602528
624 9606560
624 9609584
623 9612608
621 9616640
622 9619664
622 9622688
624 9626720
624 9629744
624 9632768
623 9636800
622 9639824
621 9643856
624 9646880
623 9649904
623 9653936
624 9656960
622 9659984
621 9664016
622 9667040
624 9670064
624 9674096
624 9677120
622 9680144

PWM:150
Start:9684004
572 9685088
599 9689120
610 9692144
617 9695168
620 9699200
622 9702224
626 9706264
627 9709280
628 9712304
628 9716336
626 9719360
627 9722384
629 9726416
629 9729440
629 9732464
629 9736496
627 9739520
627 9742544
627 9746576
629 9749600
629 9752624
630 9756656
631 9759680
627 9763712
627 9766736
629 9769760
630 9773792
630 9776816
629 9779840
627 9783872
627 9786896
626 9789920
630 9793952
629 9796976
629 9800000
627 9804032
627 9807056
627 9810080
630 9814112
629 9817136
629 9821168
627 9824192
627 9827216
627 9831248
629 9834272
629 9837304
629 9841328
629 9844352
627 9847376
627 9851408
629 9854432
629 9857456
630 9861488
629 9864512
627 9867536
628 9871568
627 9874592
629 9878624
629 9881648
630 9884672
627 9888704
627 9891728
627 9894752
629 9898784
629 9901808
629 9904832
630 9908864
627 9911888
627 9914912
629 9918944
629 9921968
629 9924992
629 9929024
627 9932048
627 9936080
627 9939104
630 9942128
629 9946160
629 9949184
630 9952208
628 9956240
627 9959264
629 9962288
629 9966320
629 9969344
630 9972368
627 9976400
627 9979424
628 9982448
629 9986480
629 9989504
629 9993536
627 9996560
627 9999584
627 10003616
630 10006640
630 10010672
630 10013696
627 10017728
627 10021760
627 10024784
629 10028816
630 10031840
629 10035872
627 10039904
627 10042928
626 10046960
629 10050992
629 10054016
630 10058048
627 10061072
627 10065104
629 10069136
630 10072160
629 10076192
629 10079216
627 10083248
627 10087280
630 10090304
629 10094336
629 10097360
629 10101392
627 10105424
627 10108448
629 10112480
629 10116512
630 10119536
629 10123568
627 10126592
627 10130624
630 10134656
629 10137680
629 10141712
629 10144736
627 10148768
627 10152800
629 10155824
629 10159856
629 10162880
627 10166912
627 10170944
627 10173968
630 10178000
630 10182032

PWM:155
Start:10184748
592 10185960
608 10188976
621 10193008
626 10196032
629 10200064
629 10204096
631 10207120
633 10211152
633 10214176
634 10218208
634 10222240
632 10225264
633 10229296
632 10232320
635 10236352
635 10240384
634 10243408
632 10247440
632 10251480
634 10254496
634 10258528
635 10261552
634 10265584
632 10269616
633 10272640
635 10276672
634 10279696
635 10283728
634 10287760
632 10290784
632 10294816
634 10297840
635 10301872
635 10305904
634 10308928
633 10312960
632 10317000
635 10320016
634 10324048
635 10327072
632 10331104
633 10335136
632 10338160
635 10342192
635 10345216
634 10349248
632 10353280
632 10356304
632 10360336
634 10363360
634 10367392
635 10371424
632 10374448
632 10378480
632 10382520
635 10385536
635 10389568
635 10392592
632 10396624
633 10400656
632 10403680
634 10407712
635 10410736
635 10414768
632 10418800
633 10421824
635 10425856
634 10428880
635 10432912
635 10436944
633 10439968
632 10444000
635 10448040
634 10451056
635 10455088
635 10458112
632 10462144
633 10466176
635 10469200
634 10473232
635 10476256
634 10480288
632 10484320
633 10487344
634 10491376
635 10494400
635 10498432
632 10502464
633 10505488
633 10509520
635 10513560
634 10516576
634 10520608
634 10523632
633 10527664
633 10531696
635 10534720
635 10538752
634 10541776
632 10545808
632 10549840
632 10552864
635 10556896
635 10559920
635 10563952
633 10567984
632 10571008
633 10575040
635 10579080
635 10582096
634 10586128
632 10589152
632 10593184
635 10597216
634 10600240
635 10604272
635 10607296
632 10611328
632 10615360
634 10618384
634 10622416
635 10625440
635 10629472
632 10633504
632 10636528
634 10640560
635 10644600
635 10647616
635 10651648
633 10654672
632 10658704
634 10662736
634 10665760
635 10669792
635 10672816
633 10676848
632 10680880
634 10683904

PWM:160
Start:10687532
595 10687832
613 10691864
624 10695888
631 10698912
635 10702944
636 10705968
636 10710000
636 10714032
637 10717056
639 10721088
639 10725120
639 10728144
637 10732176
638 10735200
640 10739232
639 10743264
640 10746288
640 10750320
637 10753344
638 10757384
640 10761408
640 10764432
640 10768464
639 10771488
638 10775520
637 10779552
639 10782576
640 10786608
640 10790640
640 10793664
638 10797696
638 10800720
640 10804752
640 10808784
640 10811808
640 10815840
637 10818864
638 10822904
640 10826928
640 10829952
640 10833984
640 10837008
637 10841040
638 10845072
640 10848096
640 10852128
640 10856160
639 10859184
637 10863216
637 10866240
640 10870272
640 10874304
640 10877328
638 10881360
637 10884384
638 10888424
640 10892448
640 10895472
639 10899504
638 10902528
638 10906560
639 10910592
640 10913616
639 10917648
640 10921680
637 10924704
638 10928736
638 10931760
640 10935792
640 10939824
640 10942848
637 10946880
638 10949904
637 10953944
640 10957968
640 10960992
640 10965024
638 10968048
638 10972080
640 10976112
640 10979136
640 10983168
640 10987200
638 10990224
637 10994256
640 10997280
640 11001312
640 11005344
639 11008368
638 11012400
637 11015424
640 11019464
640 11023488
640 11026512
640 11030544
638 11033568
637 11037600
640 11041632
640 11044656
640 11048688
639 11052720
638 11055744
638 11059776
640 11062800
640 11066832
640 11070864
637 11073888
638 11077920
638 11080944
640 11084984
640 11089008
639 11092032
638 11096064
638 11099088
638 11103120
640 11107152
640 11110176
640 11114208
637 11118240
638 11121264
639 11125296
640 11128320
640 11132352
640 11136384
638 11139408
638 11143440
640 11146464
640 11150504
640 11154528
640 11157552
638 11161584
637 11164608
640 11168640
640 11172672
640 11175696
640 11179728
637 11183760
637 11186784

PWM:165
Start:11190316
599 11190704
621 11194736
629 11198768
634 11201792
640 11205832
641 11208848
643 11212880
641 11216912
641 11219936
642 11223968
644 11226992
644 11231024
644 11235056
644 11238080
642 11242112
642 11245136
644 11249168
645 11253200
645 11256224
642 11260256
642 11264288
644 11267312
644 11271352
645 11274368
644 11278400
642 11282432
642 11285456
644 11289488
645 11292512
645 11296544
644 11300576
643 11303600
642 11307632
645 11310656
644 11314688
645 11318720
645 11321744
643 11325776
643 11329808
644 11332832
645 11336872
645 11339888
645 11343920
642 11347952
643 11350976
644 11355008
645 11358032
645 11362064
644 11366096
642 11369120
643 11373152
645 11376176
644 11380208
645 11384240
645 11387264
643 11391296
642 11395328
645 11398352
644 11402392
645 11405408
644 11409440
642 11413472
642 11416496
645 11420528
645 11423552
645 11427584
642 11431616
643 11434640
645 11438672
645 11441696
645 11445728
644 11449760
642 11452784
643 11456816
644 11460848
645 11463872
645 11467904
645 11470928
643 11474960
643 11478992
644 11482016
645 11486048
645 11489072
645 11493104
643 11497136
643 11500160
644 11504192
644 11507216
645 11511248
644 11515280
642 11518304
642 11522336
644 11526368
644 11529392
645 11533424
644 11536448
642 11540480
643 11544512
644 11547536
644 11551568
645 11554592
644 11558624
642 11562656
643 11565680
644 11569712
645 11572736
645 11576768
645 11580800
642 11583824
642 11587856
645 11591888
645 11594912
645 11598944
644 11601968
642 11606000
644 11610032
645 11613056
645 11617088
644 11620112
642 11624144
642 11628176
643 11631200
644 11635232
645 11638256
645 11642288
643 11646320
643 11649344
644 11653376
644 11657408
645 11660432
645 11664464
642 11667488
643 11671520
644 11675552
644 11678576
644 11682608
645 11685632
643 11689664

PWM:170
Start:11693100
603 11693584
625 11697616
634 11700640
639 11704672
643 11708704
646 11711728
647 11715760
648 11719792
648 11722816
647 11726848
647 11729872
649 11733904
649 11737936
649 11740960
649 11744992
647 11748016
647 11752048
649 11756080
649 11759104
649 11763136
650 11766160
647 11770192
649 11774224
650 11777248
649 11781280
650 11785312
647 11788336
647 11792368
650 11795392
650 11799424
649 11803456
649 11806480
647 11810512
647 11813536
649 11817568
649 11821600
649 11824624
650 11828656
647 11831680
647 11835712
650 11839744
649 11842768
650 11846800
650 11850832
647 11853856
647 11857888
649 11860912
650 11864944
649 11868976
650 11872000
647 11876032
647 11879056
649 11883088
649 11887120
650 11890144
649 11894176
648 11897200
647 11901232
650 11905264
649 11908288
650 11912320
649 11916352
647 11919376
648 11923408
650 11926432
649 11930464
650 11934496
649 11937520
647 11941552
648 11944576
650 11948608
649 11952640
649 11955664
647 11959696
647 11962720
649 11966752
650 11970784
649 11973808
650 11977840
649 11981872
648 11984896
649 11988928
650 11991952
649 11995984
650 12000016
647 12003040
647 12007072
650 12010096
649 12014128
649 12018160
649 12021184
648 12025216
647 12028240
649 12032272
650 12036304
650 12039328
649 12043360
647 12047392
647 12050416
649 12054448
649 12057472
650 12061504
650 12065536
648 12068560
648 12072592
649 12075616
649 12079648
650 12083680
649 12086704
647 12090736
647 12093760
649 12097792
650 12101824
650 12104848
650 12108880
647 12112912
648 12115936
649 12119968
649 12122992
650 12127024
647 12131056
647 12134080
649 12138112
650 12141136
649 12145168
650 12149200
649 12152224
647 12156256
647 12159280
650 12163312
650 12167344
649 12170368
647 12174400
647 12178432
650 12181456
649 12185488
649 12188512
649 12192544

PWM:175
Start:12195884
606 12196464
630 12200496
640 12203520
646 12207552
647 12211584
649 12214608
652 12218640
653 12221664
654 12225696
653 12229728
651 12232752
652 12236784
653 12239808
654 12243840
654 12247872
654 12250896
652 12254928
652 12258960
654 12261984
654 12266016
654 12269040
654 12273072
652 12277104
652 12280128
654 12284160
654 12287184
654 12291216
654 12295248
652 12298272
654 12302304
654 12305328
655 12309360
654 12313392
654 12316416
652 12320448
654 12324480
653 12327504
654 12331536
654 12334560
652 12338592
652 12342624
654 12345648
654 12349680
654 12352704
654 12356736
652 12360768
652 12363792
654 12367824
654 12370848
654 12374880
654 12378912
652 12381936
652 12385968
654 12390000
654 12393024
654 12397056
654 12400080
652 12404112
651 12408144
654 12411168
654 12415200
655 12418224
654 12422256
652 12426288
652 12429312
654 12433344
654 12436368
654 12440400
654 12444432
652 12447456
652 12451488
654 12455520
654 12458544
654 12462576
654 12465600
652 12469632
654 12473664
654 12476688
654 12480720
654 12483744
654 12487776
652 12491808
654 12494832
654 12498864
654 12501888
654 12505920
652 12509952
652 12512976
654 12517008
654 12521040
654 12524064
654 12528096
652 12531120
652 12535152
654 12539184
654 12542208
654 12546240
655 12549264
652 12553296
652 12557328
655 12560352
654 12564384
654 12567408
654 12571440
652 12575472
652 12578496
654 12582528
654 12586560
654 12589584
654 12593616
652 12596640
652 12600672
654 12604704
654 12607728
654 12611760
654 12614784
652 12618816
652 12622848
654 12625872
654 12629904
654 12632928
654 12636960
652 12640992
652 12644016
654 12648048
654 12652080
655 12655104
654 12659136
652 12662160
654 12666192
654 12670224
655 12673248
655 12677280
654 12680304
652 12684336
654 12688368
654 12691392
655 12695424

PWM:180
Start:12698668
608 12699344
634 12703376
644 12706400
651 12710432
653 12713456
653 12717488
654 12721520
657 12724544
657 12728576
658 12732608
658 12735632
656 12739664
656 12742688
658 12746720
658 12750752
659 12753776
658 12757808
656 12760832
656 12764864
658 12768896
658 12771920
658 12775952
658 12778976
657 12783008
657 12787040
658 12790064
658 12794096
659 12798128
658 12801152
657 12805184
657 12808208
658 12812240
659 12816272
659 12819296
658 12823328
656 12826352
659 12830384
658 12834416
659 12837440
659 12841472
658 12844496
656 12848528
659 12852560
658 12855584
659 12859616
658 12863648
659 12866672
657 12870704
658 12873728
658 12877760
658 12881792
658 12884816
656 12888848
656 12891872
659 12895904
658 12899936
659 12902960
658 12906992
656 12910016
656 12914048
659 12918080
658 12921104
658 12925136
658 12929168
656 12932192
657 12936224
659 12939248
658 12943280
659 12947312
659 12950336
656 12954368
656 12957392
658 12961424
658 12965456
659 12968480
658 12972512
656 12975536
657 12979568
658 12983600
659 12986624
659 12990656
659 12994688
656 12997712
658 13001744
658 13004768
659 13008800
659 13012832
658 13015856
657 13019888
655 13022912
658 13026944
658 13030976
658 13034000
660 13038032
657 13041056
658 13045088
658 13049120
658 13052144
658 13056176
656 13060208
656 13063232
658 13067264
658 13070288
658 13074320
659 13078352
656 13081376
656 13085408
658 13088432
658 13092464
658 13096496
658 13099520
656 13103552
656 13106576
659 13110608
658 13114640
658 13117664
658 13121696
657 13125728
656 13128752
659 13132784
658 13135808
659 13139840
658 13143872
657 13146896
657 13150928
658 13153952
659 13157984
658 13162016
658 13165040
656 13169072
656 13172096
658 13176128
659 13180160
658 13183184
658 13187216
656 13191248
655 13194272
658 13198304

PWM:185
Start:13201452
614 13202224
637 13206256
649 13209280
656 13213312
658 13216336
660 13220368
659 13224400
659 13227424
661 13231456
662 13234480
662 13238512
662 13242544
660 13245568
660 13249600
662 13252624
662 13256656
663 13260688
663 13263712
660 13267744
661 13271776
662 13274800
663 13278832
663 13281856
662 13285888
660 13289920
660 13292944
662 13296976
662 13300000
663 13304032
663 13308064
661 13311088
661 13315120
662 13318144
663 13322176
663 13326208
663 13329232
660 13333264
663 13337296
663 13340320
663 13344352
662 13347376
662 13351408
660 13355440
663 13358464
662 13362496
663 13365520
663 13369552
663 13373584
660 13376608
662 13380640
663 13383664
663 13387696
663 13391728
663 13394752
661 13398784
662 13402816
662 13405840
663 13409872
663 13412896
661 13416928
661 13420960
662 13423984
663 13428016
663 13431040
662 13435072
661 13439104
661 13442128
663 13446160
662 13449184
663 13453216
663 13457248
661 13460272
661 13464304
662 13468336
663 13471360
663 13475392
663 13478416
661 13482448
661 13486480
662 13489504
663 13493536
663 13496560
663 13500592
661 13504624
661 13507648
662 13511680
662 13514704
663 13518736
663 13522768
661 13525792
663 13529824
662 13533856
663 13536880
663 13540912
663 13543936
661 13547968
663 13552000
662 13555024
663 13559056
663 13562080
663 13566112
660 13570144
663 13573168
663 13577200
663 13580224
663 13584256
660 13588288
661 13591312
662 13595344
663 13599376
663 13602400
663 13606432
661 13609456
660 13613488
662 13617520
662 13620544
663 13624576
663 13627600
660 13631632
661 13635664
663 13638688
663 13642720
663 13645744
663 13649776
660 13653808
661 13656832
662 13660864
663 13664896
663 13667920
663 13671952
661 13674976
661 13679008
662 13683040
663 13686064
663 13690096
663 13693120
660 13697152
663 13701184

PWM:190
Start:13704236
622 13705104
642 13708128
652 13712160
660 13716192
662 13719216
664 13723248
665 13727288
665 13730304
664 13734336
666 13737360
666 13741392
667 13745424
667 13748448
664 13752480
665 13755504
666 13759536
666 13763568
667 13766592
667 13770624
667 13773648
665 13777680
667 13781712
667 13784736
667 13788768
667 13792808
665 13795824
665 13799856
666 13802880
667 13806912
667 13810944
667 13813968
664 13818000
665 13821024
667 13825056
667 13829088
667 13832112
667 13836144
665 13839168
665 13843200
667 13847232
667 13850256
667 13854288
667 13858328
665 13861344
667 13865376
666 13868400
667 13872432
667 13876464
667 13879488
665 13883520
667 13886544
667 13890576
667 13894608
667 13897632
667 13901664
665 13904688
667 13908720
666 13912752
667 13915776
667 13919808
667 13923848
665 13926864
666 13930896
667 13933920
667 13937952
667 13941984
666 13945008
665 13949040
667 13952064
666 13956096
667 13960128
667 13963152
665 13967184
665 13970208
666 13974240
667 13978272
667 13981296
667 13985328
665 13989368
665 13992384
667 13996416
667 13999440
667 14003472
667 14007504
665 14010528
665 14014560
666 14017584
667 14021616
667 14025648
667 14028672
665 14032704
665 14035728
667 14039760
667 14043792
667 14046816
667 14050848
665 14054888
667 14057904
667 14061936
667 14064960
667 14068992
666 14073024
665 14076048
667 14080080
667 14083104
667 14087136
667 14091168
667 14094192
665 14098224
667 14101248
666 14105280
667 14109312
667 14112336
666 14116368
665 14120408
667 14123424
666 14127456
667 14130480
667 14134512
665 14138544
665 14141568
667 14145600
667 14148624
667 14152656
667 14156688
665 14159712
665 14163744
667 14166768
667 14170800
667 14174832
667 14177856
665 14181888
665 14185928
666 14188944
667 14192976
667 14196000
667 14200032
665 14204064

PWM:195
Start:14207020
626 14207984
647 14211008
658 14215040
662 14219072
667 14222096
668 14226128
669 14229152
670 14233184
670 14237216
668 14240240
670 14244272
670 14247296
671 14251328
671 14255360
670 14258384
668 14262416
671 14266448
671 14269472
671 14273504
671 14276528
670 14280560
669 14284592
671 14287616
671 14291648
671 14294672
671 14298704
668 14302736
670 14305760
671 14309792
670 14312816
671 14316848
670 14320880
669 14323904
669 14327936
670 14331968
671 14334992
671 14339024
671 14342048
669 14346080
669 14350112
671 14353136
671 14357168
671 14360192
671 14364224
669 14368256
669 14371280
671 14375312
670 14378336
671 14382368
671 14386400
669 14389424
671 14393456
670 14397488
671 14400512
671 14404544
671 14407568
669 14411600
671 14415632
670 14418656
671 14422688
671 14425712
671 14429744
669 14433776
671 14436800
671 14440832
671 14443856
671 14447888
670 14451920
669 14454944
671 14458976
671 14463008
671 14466032
671 14470064
671 14473088
669 14477120
670 14481152
671 14484176
671 14488208
671 14491232
668 14495264
669 14499296
671 14502320
671 14506352
671 14509376
671 14513408
668 14517440
669 14520464
671 14524496
671 14528528
671 14531552
671 14535584
669 14538608
669 14542640
671 14546672
671 14549696
671 14553728
671 14556752
669 14560784
671 14564816
671 14567840
671 14571872
671 14574896
671 14578928
668 14582960
671 14585984
671 14590016
671 14594048
671 14597072
671 14601104
669 14604128
671 14608160
671 14612192
671 14615216
671 14619248
671 14622272
669 14626304
670 14630336
671 14633360
671 14637392
671 14640416
671 14644448
669 14648480
671 14651504
671 14655536
671 14659568
671 14662592
668 14666624
669 14669648
671 14673680
671 14677712
671 14680736
671 14684768
670 14687792
669 14691824
670 14695856
671 14698880
671 14702912
671 14705936

PWM:200
Start:14709804
629 14710864
651 14713888
662 14717920
667 14720944
669 14724976
672 14729008
672 14732032
673 14736064
674 14740096
674 14743120
672 14747160
674 14750176
674 14754208
674 14758240
674 14761264
674 14765296
672 14768320
675 14772352
674 14776384
675 14779408
675 14783440
674 14786464
672 14790496
675 14794528
674 14797552
675 14801584
675 14805616
674 14808640
673 14812672
674 14815696
675 14819728
675 14823760
674 14826784
674 14830816
673 14833840
674 14837872
674 14841904
675 14844928
674 14848960
675 14851984
672 14856016
674 14860048
674 14863072
675 14867104
675 14871136
672 14874160
672 14878192
675 14881216
675 14885248
675 14889280
674 14892304
672 14896336
673 14899360
674 14903392
675 14907424
675 14910448
674 14914480
673 14917504
675 14921536
675 14925568
675 14928592
674 14932624
674 14936656
672 14939680
674 14943712
675 14946736
675 14950768
674 14954800
675 14957824
673 14961856
675 14964880
674 14968912
674 14972944
675 14975968
675 14980000
673 14983024
675 14987056
674 14991088
675 14994112
675 14998144
674 15002176
672 15005200
674 15009232
674 15012256
675 15016288
675 15020320
674 15023344
673 15027376
675 15030400
675 15034432
675 15038464
675 15041488
673 15045520
672 15048544
674 15052576
675 15056608
675 15059632
675 15063664
672 15067696
673 15070720
674 15074752
675 15077776
675 15081808
674 15085840
672 15088864
675 15092896
675 15095920
675 15099952
675 15103984
675 15107008
672 15111040
674 15114064
675 15118096
675 15122128
675 15125152
674 15129184
673 15133216
675 15136240
675 15140272
675 15143296
675 15147328
675 15151360
672 15154384
675 15158416
675 15161440
675 15165472
675 15169504
675 15172528
672 15176560
675 15179584
675 15183616
675 15187648
675 15190672
674 15194704
673 15198736
674 15201760
674 15205792
675 15208816

PWM:205
Start:15212588
630 15213744
654 15216768
666 15220800
671 15223824
674 15227856
674 15231888
675 15234912
677 15238944
678 15241968
678 15246000
678 15250032
676 15253056
678 15257088
678 15261120
678 15264144
678 15268176
678 15271200
676 15275232
678 15279264
678 15282288
678 15286320
678 15289344
679 15293376
676 15297408
678 15300432
678 15304464
679 15307488
678 15311520
678 15315552
676 15318576
679 15322608
678 15326640
678 15329664
679 15333696
678 15336720
677 15340752
678 15344784
678 15347808
679 15351840
679 15354864
678 15358896
676 15362928
678 15365952
679 15369984
678 15373008
678 15377040
676 15381072
676 15384096
678 15388128
679 15392160
679 15395184
678 15399216
678 15402240
677 15406272
678 15410304
678 15413328
678 15417360
678 15420384
676 15424416
678 15428448
678 15431472
679 15435504
679 15438528
678 15442560
676 15446592
679 15449616
678 15453648
679 15457680
679 15460704
678 15464736
677 15467760
679 15471792
678 15475824
678 15478848
678 15482880
678 15485904
677 15489936
678 15493968
678 15496992
679 15501024
678 15504048
678 15508080
676 15512112
679 15515136
678 15519168
679 15523200
678 15526224
678 15530256
676 15533280
678 15537312
678 15541344
678 15544368
679 15548400
678 15551424
676 15555456
678 15559488
678 15562512
679 15566544
678 15569568
678 15573600
676 15577632
678 15580656
678 15584688
678 15588720
679 15591744
676 15595776
677 15598800
678 15602832
678 15606864
678 15609888
679 15613920
676 15616944
679 15620976
678 15625008
678 15628032
679 15632064
678 15635088
676 15639120
679 15643152
678 15646176
678 15650208
678 15654240
679 15657264
677 15661296
678 15664320
678 15668352
679 15672384
678 15675408
679 15679440
676 15682464
678 15686496
678 15690528
678 15693552
679 15697584
678 15700608
676 15704640
678 15708672
678 15711696

PWM:210
Start:15715372
636 15715664
656 15719648
670 15723680
675 15726704
678 15730736
679 15734768
680 15737792
677 15741824
681 15744848
682 15748880
682 15752912
682 15755936
679 15759968
680 15762992
681 15767024
682 15771056
682 15774080
682 15778112
679 15781136
682 15785168
682 15789200
682 15792224
682 15796256
682 15800288
680 15803312
683 15807344
682 15810368
683 15814400
682 15818432
682 15821456
680 15825488
682 15828512
682 15832544
682 15836576
682 15839600
682 15843632
680 15846656
682 15850688
682 15854720
682 15857744
682 15861776
682 15865808
680 15868832
683 15872864
682 15875888
682 15879920
682 15883952
682 15886976
680 15891008
682 15894032
682 15898064
682 15902096
682 15905120
682 15909152
680 15912176
682 15916208
682 15920240
682 15923264
682 15927296
682 15931328
680 15934352
682 15938384
682 15941408
682 15945440
682 15949472
680 15952496
683 15956528
682 15959552
682 15963584
682 15967616
682 15970640
680 15974672
682 15977696
682 15981728
682 15985760
682 15988784
682 15992816
680 15996848
682 15999872
682 16003904
682 16006928
682 16010960
682 16014992
680 16018016
682 16022048
682 16025072
682 16029104
682 16033136
682 16036160
680 16040192
682 16043216
682 16047248
682 16051280
682 16054304
682 16058336
680 16062368
682 16065392
682 16069424
682 16072448
682 16076480
682 16080512
680 16083536
682 16087568
682 16090592
682 16094624
682 16098656
682 16101680
680 16105712
682 16108736
682 16112768
682 16116800
682 16119824
680 16123856
680 16127888
682 16130912
682 16134944
682 16137968
682 16142000
680 16146032
682 16149056
682 16153088
682 16156112
682 16160144
682 16164176
680 16167200
682 16171232
682 16174256
682 16178288
682 16182320
683 16185344
680 16189376
682 16193408
682 16196432
682 16200464
682 16203488
682 16207520
680 16211552
682 16214576

PWM:215
Start:16218156
641 16218496
664 16222528
673 16226560
679 16229584
682 16233616
683 16236640
684 16240672
684 16244704
683 16247728
685 16251760
686 16254784
685 16258816
685 16262848
685 16265872
684 16269904
685 16273936
686 16276960
686 16280992
685 16284016
683 16288048
686 16292080
685 16295104
686 16299136
686 16302160
685 16306192
683 16310224
686 16313248
686 16317280
686 16320304
686 16324336
685 16328368
683 16331392
685 16335424
686 16339456
686 16342480
686 16346512
686 16349536
683 16353568
686 16357600
686 16360624
686 16364656
686 16367680
685 16371712
683 16375744
686 16378768
685 16382800
686 16385824
686 16389856
685 16393888
683 16396912
685 16400944
685 16404976
686 16408000
686 16412032
686 16415056
684 16419088
685 16423120
685 16426144
686 16430176
686 16433200
686 16437232
684 16441264
685 16444288
686 16448320
685 16451344
686 16455376
683 16459408
684 16462432
685 16466464
685 16470496
685 16473520
686 16477552
685 16480576
685 16484608
685 16488640
686 16491664
686 16495696
685 16498720
683 16502752
686 16506784
686 16509808
686 16513840
685 16516864
686 16520896
683 16524928
686 16527952
685 16531984
686 16536016
686 16539040
686 16543072
683 16546096
685 16550128
685 16554160
685 16557184
685 16561216
685 16564240
684 16568272
685 16572304
685 16575328
686 16579360
685 16582384
685 16586416
684 16590448
686 16593472
686 16597504
686 16601536
685 16604560
685 16608592
683 16611616
685 16615648
686 16619680
685 16622704
686 16626736
685 16629760
684 16633792
685 16637824
686 16640848
685 16644880
686 16647904
685 16651936
686 16655968
686 16658992
686 16663024
686 16667056
686 16670080
683 16674112
686 16677136
685 16681168
686 16685200
686 16688224
686 16692256
684 16695280
686 16699312
686 16703344
686 16706368
685 16710400
685 16713424
683 16717456

PWM:220
Start:16720940
645 16721376
668 16725408
676 16728432
681 16732464
685 16736496
687 16739520
688 16743552
688 16747584
689 16750608
687 16754640
689 16757664
689 16761696
689 16765728
689 16768752
689 16772784
687 16775808
689 16779840
689 16783872
689 16786896
689 16790928
689 16793952
687 16797984
689 16802016
689 16805040
689 16809072
689 16813104
689 16816128
689 16820160
689 16823184
689 16827216
689 16831248
689 16834272
687 16838304
690 16841328
689 16845360
689 16849392
689 16852416
689 16856448
686 16859472
689 16863504
689 16867536
689 16870560
689 16874592
689 16878624
687 16881648
690 16885680
688 16888704
689 16892736
689 16896768
689 16899792
687 16903824
689 16906848
688 16910880
689 16914912
689 16917936
689 16921968
687 16924992
689 16929024
690 16933056
689 16936080
689 16940112
689 16944144
687 16947168
689 16951200
689 16954224
689 16958256
689 16962288
689 16965312
687 16969344
689 16972368
689 16976400
689 16980432
689 16983456
689 16987488
687 16990512
689 16994544
689 16998576
689 17001600
689 17005632
687 17009664
689 17012688
689 17016720
689 17019744
689 17023776
689 17027808
687 17030832
689 17034864
688 17037888
689 17041920
689 17045952
689 17048976
687 17053008
689 17056032
689 17060064
689 17064096
689 17067120
689 17071152
687 17075184
689 17078208
689 17082240
689 17085264
689 17089296
689 17093328
687 17096352
689 17100384
688 17103408
689 17107440
689 17111472
689 17114496
687 17118528
689 17121552
689 17125584
689 17129616
689 17132640
689 17136672
687 17140704
689 17143728
689 17147760
689 17150784
689 17154816
689 17158848
687 17161872
689 17165904
689 17168928
689 17172960
689 17176992
689 17180016
689 17184048
689 17187072
689 17191104
689 17195136
690 17198160
687 17202192
689 17206224
689 17209248
689 17213280
689 17216304
689 17220336

PWM:225
Start:17223724
648 17224256
672 17228288
680 17231312
686 17235344
687 17239376
690 17242400
691 17246432
691 17249456
691 17253488
691 17257520
690 17260544
692 17264576
692 17268616
692 17271632
692 17275664
692 17278688
690 17282720
692 17286752
692 17289776
692 17293808
692 17296832
692 17300864
692 17304896
692 17307920
692 17311952
692 17314976
692 17319008
692 17323040
691 17326064
692 17330096
692 17334136
692 17337152
692 17341184
692 17344208
693 17348240
692 17352272
692 17355296
692 17359328
692 17362352
692 17366384
692 17370416
692 17373440
692 17377472
692 17380496
693 17384528
690 17388560
693 17391584
692 17395616
693 17399656
692 17402672
692 17406704
690 17409728
692 17413760
692 17417792
692 17420816
692 17424848
692 17427872
690 17431904
692 17435936
692 17438960
692 17442992
692 17446016
692 17450048
690 17454080
692 17457104
692 17461136
692 17465176
692 17468192
692 17472224
690 17475248
691 17479280
692 17483312
692 17486336
692 17490368
692 17493392
690 17497424
693 17501456
693 17504480
692 17508512
692 17511536
692 17515568
692 17519600
692 17522624
693 17526656
692 17530696
692 17533712
692 17537744
693 17540768
692 17544800
692 17548832
692 17551856
692 17555888
692 17558912
692 17562944
692 17566976
692 17570000
692 17574032
692 17577056
690 17581088
693 17585120
692 17588144
692 17592176
692 17596216
692 17599232
690 17603264
692 17606288
692 17610320
692 17614352
692 17617376
692 17621408
690 17624432
692 17628464
692 17632496
692 17635520
692 17639552
692 17642576
690 17646608
692 17650640
692 17653664
692 17657696
692 17661736
692 17664752
690 17668784
692 17671808
692 17675840
692 17679872
692 17682896
692 17686928
690 17689952
692 17693984
692 17698016
693 17701040
692 17705072
692 17708096
692 17712128
692 17716160
692 17719184
692 17723216

PWM:230
Start:17726508
651 17727136
675 17731168
684 17734192
690 17738224
692 17742256
691 17745280
694 17749312
694 17752336
695 17756368
695 17760400
695 17763424
693 17767456
695 17770480
695 17774512
695 17778544
696 17781568
696 17785600
693 17788624
695 17792656
696 17796688
695 17799712
695 17803744
696 17807776
693 17810800
695 17814832
695 17817856
696 17821888
695 17825920
695 17828944
695 17832976
695 17836000
695 17840032
695 17844064
695 17847088
695 17851120
693 17854144
696 17858176
695 17862208
696 17865232
695 17869264
696 17873296
696 17876320
695 17880352
696 17883376
695 17887408
695 17891440
695 17894464
695 17898496
695 17901520
696 17905552
696 17909584
695 17912608
693 17916640
695 17919664
696 17923696
695 17927728
695 17930752
695 17934784
696 17938816
695 17941840
696 17945872
695 17948896
695 17952928
696 17956960
693 17959984
695 17964016
696 17967040
696 17971072
695 17975104
695 17978128
693 17982160
695 17985184
695 17989216
696 17993248
696 17996272
696 18000304
693 18004336
695 18007360
695 18011392
696 18014416
695 18018448
695 18022480
693 18025504
695 18029536
696 18032560
696 18036592
696 18040624
696 18043648
695 18047680
695 18050704
695 18054736
696 18058768
695 18061792
696 18065824
696 18069856
695 18072880
696 18076912
695 18079936
695 18083968
693 18088000
695 18091024
695 18095056
695 18098080
695 18102112
695 18106144
695 18109168
695 18113200
696 18116224
695 18120256
695 18124288
696 18127312
694 18131344
695 18135376
696 18138400
696 18142432
695 18145456
696 18149488
693 18153520
695 18156544
696 18160576
695 18163600
695 18167632
696 18171664
694 18174688
695 18178720
696 18181744
695 18185776
695 18189808
695 18192832
694 18196864
695 18200896
695 18203920
695 18207952
696 18210976
696 18215008
696 18219040
695 18222064
696 18226096

PWM:235
Start:18229292
653 18230016
678 18234048
687 18237072
692 18241104
695 18244128
696 18248160
697 18252192
698 18255216
698 18259248
698 18262272
698 18266304
698 18270336
698 18273360
699 18277392
698 18281424
699 18284448
699 18288480
698 18291504
696 18295536
699 18299568
698 18302592
698 18306624
698 18309648
699 18313680
697 18317712
698 18320736
699 18324768
699 18327792
699 18331824
698 18335856
696 18338880
699 18342912
699 18346944
699 18349968
699 18354000
698 18357024
699 18361056
699 18365088
698 18368112
699 18372144
698 18375168
698 18379200
699 18383232
699 18386256
699 18390288
699 18393312
699 18397344
698 18401376
698 18404400
699 18408432
699 18412464
699 18415488
699 18419520
698 18422544
699 18426576
698 18430608
699 18433632
699 18437664
698 18440688
698 18444720
699 18448752
698 18451776
699 18455808
699 18458832
699 18462864
696 18466896
699 18469920
698 18473952
699 18477984
698 18481008
698 18485040
696 18488064
699 18492096
699 18496128
699 18499152
699 18503184
699 18506208
697 18510240
698 18514272
699 18517296
698 18521328
699 18524352
699 18528384
699 18532416
698 18535440
698 18539472
698 18543504
698 18546528
699 18550560
696 18553584
698 18557616
698 18561648
698 18564672
699 18568704
698 18571728
698 18575760
698 18579792
698 18582816
699 18586848
699 18589872
699 18593904
699 18597936
699 18600960
699 18604992
699 18609024
699 18612048
698 18616080
699 18619104
698 18623136
698 18627168
699 18630192
698 18634224
698 18637248
698 18641280
698 18645312
699 18648336
699 18652368
698 18655392
696 18659424
699 18663456
698 18666480
698 18670512
699 18674544
699 18677568
696 18681600
698 18684624
698 18688656
699 18692688
698 18695712
699 18699744
696 18702768
699 18706800
699 18710832
698 18713856
699 18717888
698 18720912
696 18724944
699 18728976

PWM:240
Start:18732076
658 18732896
679 18736928
691 18739952
696 18743984
698 18747008
700 18751040
700 18755072
701 18758096
701 18762128
701 18765152
701 18769184
701 18773216
701 18776240
701 18780272
701 18783296
701 18787328
702 18791360
701 18794384
701 18798416
702 18802448
702 18805472
702 18809504
702 18812528
702 18816560
702 18820592
703 18823616
701 18827648
702 18830672
701 18834704
702 18838736
701 18841760
699 18845792
701 18848816
702 18852848
701 18856880
702 18859904
702 18863936
699 18867968
702 18870992
701 18875024
701 18878048
702 18882080
701 18886112
698 18889136
702 18893168
701 18896192
702 18900224
701 18904256
701 18907280
702 18911312
702 18914336
701 18918368
702 18922400
701 18925424
702 18929456
702 18933488
701 18936512
701 18940544
701 18943568
702 18947600
702 18951632
701 18954656
701 18958688
701 18961712
702 18965744
701 18969776
702 18972800
702 18976832
701 18979856
702 18983888
701 18987920
701 18990944
703 18994976
701 18999008
701 19002032
702 19006064
702 19009088
701 19013120
699 19017152
701 19020176
701 19024208
702 19027232
701 19031264
702 19035296
700 19038320
702 19042352
702 19045376
702 19049408
702 19053440
701 19056464
698 19060496
701 19064528
701 19067552
702 19071584
701 19074608
701 19078640
702 19082672
701 19085696
702 19089728
702 19092752
701 19096784
702 19100816
701 19103840
702 19107872
702 19110896
702 19114928
701 19118960
702 19121984
702 19126016
702 19130048
701 19133072
702 19137104
702 19140128
701 19144160
701 19148192
701 19151216
702 19155248
702 19158272
701 19162304
703 19166336
702 19169360
701 19173392
701 19176416
702 19180448
702 19184480
701 19187504
701 19191536
701 19195568
702 19198592
702 19202624
701 19205648
700 19209680
701 19213712
702 19216736
702 19220768
701 19223792
701 19227824
699 19231856

PWM:245
Start:19234860
662 19235776
683 19238800
694 19242832
700 19246864
701 19249888
703 19253920
703 19256944
704 19260976
704 19265008
704 19268032
704 19272064
705 19276096
704 19279120
704 19283152
704 19286176
705 19290208
704 19294240
704 19297264
705 19301296
705 19304320
705 19308352
704 19312384
704 19315408
705 19319440
704 19322464
704 19326496
704 19330528
705 19333552
704 19337584
704 19341616
705 19344640
704 19348672
705 19351696
705 19355728
704 19359760
704 19362784
705 19366816
704 19369840
702 19373872
705 19377904
704 19380928
705 19384960
705 19387984
704 19392016
704 19396048
705 19399072
704 19403104
705 19407136
704 19410160
704 19414192
702 19417216
704 19421248
704 19425280
704 19428304
704 19432336
705 19435360
704 19439392
704 19443424
704 19446448
705 19450480
705 19453504
705 19457536
704 19461568
705 19464592
704 19468624
704 19472656
705 19475680
704 19479712
704 19482736
705 19486768
704 19490800
704 19493824
704 19497856
704 19500880
705 19504912
704 19508944
704 19511968
705 19516000
704 19519024
704 19523056
705 19527088
704 19530112
704 19534144
704 19538176
704 19541200
702 19545232
704 19548256
706 19552288
704 19556320
705 19559344
705 19563376
703 19566400
705 19570432
705 19574464
705 19577488
705 19581520
705 19584544
703 19588576
704 19592608
705 19595632
705 19599664
704 19603696
704 19606720
705 19610752
705 19613776
705 19617808
704 19621840
705 19624864
704 19628896
705 19631920
704 19635952
704 19639984
705 19643008
704 19647040
704 19650064
704 19654096
704 19658128
705 19661152
704 19665184
705 19669216
704 19672240
705 19676272
705 19679296
704 19683328
705 19687360
705 19690384
704 19694416
705 19697440
704 19701472
704 19705504
704 19708528
704 19712560
704 19715584
704 19719616
704 19723648
704 19726672
704 19730704
705 19734736

PWM:250
Start:19737644
664 19738656
686 19741680
698 19745712
702 19749744
704 19752768
705 19756800
706 19759824
707 19763856
707 19767888
707 19770912
708 19774944
707 19777968
707 19782000
707 19786032
707 19789056
707 19793088
707 19796112
707 19800144
707 19804176
707 19807200
707 19811232
707 19815264
707 19818288
707 19822320
707 19825344
708 19829376
707 19833408
707 19836432
707 19840464
707 19843488
707 19847520
707 19851552
707 19854576
708 19858608
707 19861632
707 19865664
707 19869696
707 19872720
708 19876752
705 19880784
707 19883808
707 19887840
708 19890864
708 19894896
707 19898928
707 19901952
708 19905984
707 19909008
707 19913040
708 19917072
708 19920096
708 19924128
707 19927152
707 19931184
708 19935216
707 19938240
707 19942272
707 19946304
707 19949328
707 19953360
708 19956384
707 19960416
707 19964448
708 19967472
708 19971504
707 19974528
707 19978560
707 19982592
707 19985616
707 19989648
708 19992672
708 19996704
708 20000736
707 20003760
707 20007792
707 20011824
707 20014848
707 20018880
707 20021904
707 20025936
708 20029968
707 20032992
708 20037024
707 20040048
707 20044080
707 20048112
707 20051136
707 20055168
708 20058192
707 20062224
707 20066256
707 20069280
707 20073312
707 20077344
707 20080368
707 20084400
707 20087424
707 20091456
708 20095488
708 20098512
707 20102544
707 20105568
707 20109600
707 20113632
705 20116656
708 20120688
708 20123712
707 20127744
707 20131776
707 20134800
707 20138832
707 20142864
707 20145888
707 20149920
707 20152944
707 20156976
707 20161008
707 20164032
708 20168064
708 20171088
707 20175120
708 20179152
707 20182176
707 20186208
708 20189232
707 20193264
707 20197296
707 20200320
708 20204352
708 20208384
707 20211408
707 20215440
707 20218464
707 20222496
707 20226528
707 20229552
707 20233584
707 20236608

PWM:255
Start:20240432
667 20241536
689 20244560
701 20248592
704 20251616
707 20255648
708 20259680
709 20262704
710 20266736
709 20269760
709 20273792
710 20277824
710 20280848
710 20284880
710 20288912
710 20291936
710 20295968
710 20298992
710 20303024
710 20307056
710 20310080
710 20314112
710 20317136
710 20321168
710 20325200
710 20328224
710 20332256
710 20335280
710 20339312
710 20343344
710 20346368
710 20350400
710 20354432
710 20357456
710 20361488
710 20364512
710 20368544
710 20372576
710 20375600
710 20379632
710 20382656
710 20386688
710 20390720
710 20393744
710 20397776
710 20400800
711 20404832
711 20408864
710 20411888
710 20415920
711 20419952
710 20422976
710 20427008
710 20430032
710 20434064
710 20438096
710 20441120
710 20445152
710 20448176
710 20452208
710 20456240
711 20459264
710 20463296
710 20466320
710 20470352
710 20474384
710 20477408
710 20481440
710 20485472
710 20488496
710 20492528
710 20495552
710 20499584
710 20503616
710 20506640
710 20510672
710 20513696
710 20517728
710 20521760
710 20524784
710 20528816
710 20531840
710 20535872
710 20539904
710 20542928
710 20546960
710 20550992
710 20554016
710 20558048
710 20561072
710 20565104
710 20569136
710 20572160
710 20576192
710 20579216
710 20583248
710 20587280
710 20590304
710 20594336
710 20597360
710 20601392
710 20605424
710 20608448
710 20612480
710 20616512
710 20619536
710 20623568
710 20626592
710 20630624
710 20634656
710 20637680
710 20641712
710 20644736
710 20648768
710 20652800
710 20655824
710 20659856
710 20662880
710 20666912
710 20670944
710 20673968
710 20678000
710 20682032
710 20685056
710 20689088
710 20692112
710 20696144
710 20700176
710 20703200
710 20707232
710 20710256
710 20714288
710 20718320
710 20721344