0 0.00
1 0.00
2 0.02
3 0.05
4 0.10
5 0.16
6 0.23
7 0.31
8 0.39
9 0.46
10 0.55
11 0.63
12 0.71
13 0.79
14 0.85
15 0.95
16 1.04
17 1.11
18 1.20
19 1.28
20 1.34
21 1.44
22 1.52
23 1.58
24 1.67
25 1.76
26 1.81
27 1.90
28 1.99
29 2.04
30 2.12
31 2.22
32 2.26
33 2.35
34 2.44
35 2.47
36 2.57
37 2.65
38 2.69
39 2.77
40 2.85
41 2.89
42 2.98
43 3.06
44 3.08
45 3.18
46 3.25
47 3.26
48 3.38
49 3.45
50 3.45
51 3.57
52 3.63
53 3.65
54 3.76
55 3.82
56 3.83
57 3.95
58 4.00
59 4.01
60 4.12
61 4.18
62 4.18
63 4.31
64 4.36
65 4.36
66 4.47
67 4.51
68 4.53
69 4.66
70 4.70
71 4.70
72 4.83
73 4.85
74 4.85
75 4.97
76 4.99
77 5.03
78 5.14
79 5.16
80 5.18
81 5.31
82 5.31
83 5.33
84 5.46
85 5.46
86 5.48
87 5.62
88 5.62
89 5.64
90 5.76
91 5.78
92 5.81
93 5.93
94 5.90
95 5.95
96 6.07
97 6.05
98 6.12
99 6.23
100 6.17
101 6.28
102 6.35
103 6.33
104 6.46
105 6.49
106 6.46
107 6.59
108 6.59
109 6.62
110 6.76
111 6.70
112 6.79
113 6.87
114 6.84
115 6.99
116 6.99
117 6.99
118 7.07
119 7.10
120 7.10
121 7.25
122 7.19
123 7.28
124 7.38
125 7.34
126 7.44
127 7.50
128 7.47
129 7.63
130 7.59
131 7.59
132 7.79
133 7.72
134 7.76
135 7.85
136 7.82
137 7.89
138 8.02
139 7.92
140 8.06
141 8.12
142 8.09
143 8.19
144 8.26
145 8.19
146 8.37
147 8.33
148 8.33
149 8.48
150 8.41
151 8.52
152 8.59
153 8.55
154 8.70
155 8.70
156 8.70
157 8.85
158 8.81
159 8.81
160 9.01
161 8.89
162 8.97
163 9.04
164 9.04
165 9.08
166 9.16
167 9.12
168 9.24
169 9.24
170 9.24
171 9.41
172 9.37
173 9.37
174 9.53
175 9.41
176 9.53
177 9.70
178 9.62
179 9.66
180 9.70
181 9.70
182 9.79
183 9.79
184 9.79
185 9.92
186 9.87
187 9.96
188 10.10
189 10.05
190 10.10
191 10.10
192 10.14
193 10.28
194 10.19
195 10.28
196 10.42
197 10.33
198 10.42
199 10.42
200 10.42
201 10.56
202 10.51
203 10.56
204 10.71
205 10.66
206 10.71
207 10.66
208 10.75
209 10.90
210 10.85
211 10.90
212 10.85
213 10.95
214 11.00
215 10.95
216 11.05
217 11.16
218 11.10
219 11.21
220 11.16
221 11.21
222 11.31
223 11.31
224 11.36
225 11.47
226 11.42
227 11.47
228 11.42
229 11.52
230 11.63
231 11.58
232 11.63
233 11.74
234 11.74
235 11.74
236 11.80
237 11.80
238 11.91
239 11.91
240 11.96
241 11.91
242 12.02
243 12.02
244 12.08
245 12.08
246 12.19
247 12.13
248 12.19
249 12.19
250 12.25
251 12.31
252 12.37
253 12.37
254 12.43
255 12.43