0	0.00
1	0.64
2	2.59
3	5.30
4	8.08
5	11.02
6	13.72
7	16.58
8	19.58
9	22.54
10	25.48
11	28.72
12	31.57
13	34.45
14	37.58
15	40.68
16	43.74
17	47.00
18	50.08
19	53.72
20	56.96
21	60.39
22	63.32
23	66.51
24	70.19
25	72.62
26	76.77
27	79.55
28	82.93
29	86.93
30	89.63
31	93.39
32	96.09
33	99.24
34	103.42
35	106.02
36	109.97
37	113.29
38	115.78
39	119.11
40	122.56
41	126.60
42	129.72
43	133.31
44	136.65
45	138.75
46	143.36
47	145.46
48	150.80
49	151.55
50	158.76
51	158.44
52	163.93
53	166.43
54	168.29
55	174.59
56	174.59
57	182.52
58	182.90
59	187.36
60	189.34
61	192.16
62	197.97
63	198.82
64	205.78
65	205.78
66	210.99
67	214.25
68	215.91
69	220.73
70	221.71
71	229.78
72	228.49
73	233.96
74	237.44
75	238.52
76	246.29
77	245.44
78	253.52
79	254.40
80	256.49
81	259.82
82	260.12
83	269.18
84	267.27
85	278.68
86	276.35
87	286.54
88	282.75
89	285.50
90	289.70
91	289.35
92	298.73
93	296.53
94	308.92
95	305.47
96	315.18
97	311.64
98	321.21
99	318.78
100	326.99
101	327.40
102	326.98
103	335.48
104	334.19
105	341.61
106	345.19
107	354.82
108	349.27
109	359.06
110	353.42
111	363.85
112	364.33
113	375.22
114	369.23
115	381.86
116	372.21
117	383.42
118	382.90
119	395.65
120	388.67
121	401.70
122	400.03
123	402.25
124	406.74
125	403.92
126	418.84
127	411.29
128	429.02
129	418.26
130	431.46
131	422.99
132	442.71
133	430.85
134	442.71
135	435.79
136	454.37
137	449.13
138	451.08
139	465.09
140	451.74
141	465.77
142	463.73
143	477.59
144	467.83
145	479.01
146	474.77
147	491.30
148	481.86
149	490.57
150	494.26
151	504.05
152	501.77
153	502.53
154	512.54
155	508.66
156	518.06
157	507.89
158	522.05
159	515.68
160	532.62
161	520.44
162	537.61
163	526.08
164	540.97
165	530.97
166	556.45
167	545.21
168	553.83
169	552.09
170	568.04
171	570.76
172	559.98
173	568.94
174	574.41
175	583.70
176	579.03
177	585.59
178	577.18
179	596.10
180	581.83
181	601.95
182	582.77
183	608.88
184	601.95
185	614.91
186	611.88
187	612.89
188	625.15
189	628.27
190	631.41
191	634.57
192	635.63
193	629.31
194	640.97
195	635.63
196	659.60
197	631.41
198	656.25
199	640.97
200	659.60
201	662.96
202	665.22
203	656.25
204	674.37
205	686.06
206	687.24
207	690.81
208	683.70
209	686.06
210	699.25
211	699.25
212	698.04
213	705.37
214	700.47
215	714.06
216	693.21
217	719.10
218	706.60
219	725.47
220	730.62
221	731.92
222	733.22
223	737.14
224	739.77
225	750.43
226	745.07
227	749.08
228	751.77
229	762.68
230	754.48
231	749.08
232	762.68
233	762.68
234	778.05
235	759.93
236	773.81
237	766.83
238	786.62
239	789.51
240	795.33
241	798.26
242	792.41
243	795.33
244	807.16
245	807.16
246	810.16
247	813.17
248	804.18
249	817.72
250	820.77
251	826.93
252	825.38
253	834.72
254	836.29
255	841.03
254	837.87
253	831.59
252	828.48
251	822.30
250	822.31
249	802.69
248	817.72
247	810.16
246	805.67
245	807.16
244	810.16
243	789.51
242	789.51
241	789.51
240	795.33
239	789.51
238	785.18
237	782.32
236	769.61
235	766.82
234	769.61
233	765.44
232	778.05
231	768.21
230	754.48
229	739.77
228	750.42
227	734.52
226	753.12
225	729.33
224	737.14
223	724.19
222	733.22
221	720.37
220	725.47
219	720.37
218	717.84
217	716.57
216	712.81
215	715.32
214	701.69
213	705.37
212	705.37
211	700.47
210	676.68
209	694.41
208	682.52
207	686.06
206	659.60
205	673.22
204	667.49
203	673.22
202	652.93
201	660.72
200	648.55
199	656.25
198	643.12
197	658.48
196	656.25
195	642.04
194	638.82
193	635.63
192	634.57
191	632.46
190	630.36
189	615.92
188	621.02
187	607.88
186	614.91
185	596.10
184	610.88
183	589.38
182	605.90
181	575.33
180	589.38
179	578.11
178	589.38
177	580.90
176	584.65
175	574.41
174	572.58
173	560.87
172	566.23
171	569.85
170	569.85
169	565.33
168	545.21
167	550.36
166	538.44
165	543.50
164	532.62
163	544.35
162	520.44
161	531.80
160	517.26
159	527.70
158	508.66
157	518.06
156	501.01
155	513.33
154	497.99
153	499.50
152	497.24
151	501.01
150	490.57
149	481.86
148	491.30
147	481.86
146	483.30
145	463.73
144	478.30
143	463.73
142	464.41
141	452.39
140	461.70
139	451.08
138	459.01
137	438.29
136	446.55
135	433.31
134	447.19
133	432.08
132	428.41
131	425.99
130	416.50
129	425.39
128	411.86
127	418.84
126	405.61
125	411.86
124	400.03
123	405.61
122	387.61
121	399.48
120	386.56
119	392.41
118	378.27
117	381.35
116	377.24
115	375.22
114	371.21
113	367.75
112	360.48
111	353.42
110	354.82
109	350.64
108	354.82
107	344.74
106	346.09
105	334.62
104	339.41
103	328.66
102	332.47
101	322.85
100	326.99
99	318.78
98	319.59
97	308.53
96	309.69
95	303.58
94	299.47
93	300.21
92	293.27
91	297.26
90	284.47
89	289.70
88	281.38
87	280.03
86	274.37
85	268.23
84	271.44
83	264.76
82	266.33
81	258.60
80	260.43
79	252.64
78	251.47
77	242.64
76	241.53
75	239.06
74	235.02
73	234.49
72	229.26
71	224.94
70	221.22
69	217.34
68	215.67
67	210.76
66	211.69
65	204.67
64	202.70
63	198.18
62	194.21
61	193.18
60	187.55
59	187.75
58	181.58
57	179.52
56	175.13
55	171.75
54	167.44
53	165.59
52	164.92
51	158.92
50	156.72
49	151.10
48	148.46
47	144.75
46	142.67
45	139.41
44	136.00
43	132.56
42	129.23
41	125.20
40	122.78
39	118.46
38	116.21
37	112.27
36	109.68
35	106.49
34	102.33
33	99.24
32	96.09
31	93.23
30	89.48
29	86.13
28	83.14
27	79.81
26	77.15
25	73.51
24	69.68
23	67.10
22	63.92
21	61.11
20	57.68
19	54.43
18	51.08
17	47.96
16	44.76
15	41.84
14	38.78
13	36.00
12	33.01
11	30.21
10	26.90
9	24.06
8	21.21
7	18.48
6	15.84
5	13.13
4	10.56
3	8.09
2	5.83
1	3.68
STEP
0	0.03
1	1.32
2	3.66
3	6.16
4	8.70
5	11.32
6	14.01
7	16.79
8	19.50
9	22.31
10	25.17
11	28.11
12	31.08
13	34.02
14	36.97
15	40.27
16	43.41
17	46.74
18	49.57
19	52.52
20	55.80
21	58.87
22	62.34
23	65.22
24	68.36
25	71.00
26	74.73
27	78.12
28	81.03
29	84.28
30	88.21
31	90.80
32	94.38
33	96.95
34	100.22
35	103.54
36	106.62
37	110.50
38	113.12
39	117.74
40	119.48
41	123.40
42	125.72
43	129.06
44	134.91
45	135.69
46	140.44
47	142.21
48	145.56
49	148.14
50	152.56
51	155.61
52	159.38
53	162.12
54	165.08
55	168.47
56	171.76
57	174.97
58	179.36
59	181.42
60	186.23
61	188.20
62	190.20
63	194.69
64	197.20
65	202.79
66	204.11
67	210.89
68	210.43
69	217.73
70	216.53
71	218.94
72	225.38
73	225.88
74	235.25
75	232.59
76	239.58
77	238.76
78	243.74
79	247.14
80	248.00
81	258.33
82	254.73
83	261.70
84	260.78
85	265.76
86	268.94
87	272.17
88	281.51
89	276.46
90	287.05
91	285.65
92	291.30
93	292.01
94	293.82
95	301.55
96	300.43
97	309.18
98	307.63
99	317.08
100	314.28
101	323.19
102	320.32
103	328.61
104	329.88
105	339.84
106	335.03
107	338.08
108	339.40
109	345.66
110	351.62
111	354.41
112	360.10
113	360.58
114	360.10
115	360.10
116	375.39
117	369.86
118	381.03
119	371.36
120	383.63
121	381.55
122	394.30
123	387.32
124	401.46
125	394.84
126	407.08
127	400.90
128	413.40
129	411.09
130	413.99
131	419.27
132	425.25
133	429.51
134	421.05
135	435.08
136	433.83
137	440.11
138	432.59
139	447.16
140	444.58
141	459.72
142	445.22
143	460.40
144	461.75
145	471.39
146	464.47
147	467.22
148	479.87
149	477.73
150	487.11
151	483.47
152	493.75
153	484.20
154	498.26
155	491.53
156	505.89
157	496.00
158	512.90
159	500.53
160	517.65
161	512.90
162	521.66
163	522.47
164	535.62
165	538.14
166	525.71
167	538.98
168	533.95
169	544.08
170	547.51
171	558.90
172	551.85
173	556.24
174	546.65
175	571.54
176	556.24
177	575.23
178	565.17
179	574.30
180	561.57
181	588.40
182	580.82
183	597.09
184	579.88
185	597.09
186	601.02
187	605.97
188	606.97
189	602.99
190	614.03
191	605.97
192	621.20
193	605.97
194	624.31
195	610.99
196	633.77
197	617.08
198	651.12
199	629.54
200	644.53
201	634.84
202	657.79
203	658.92
204	663.44
205	657.79
206	658.92
207	662.30
208	674.93
209	674.93
210	681.96
211	673.76
212	678.43
213	693.91
214	683.14
215	684.33
216	685.51
217	702.46
218	692.70
219	704.93
220	708.66
221	711.16
222	713.68
223	717.47
224	720.02
225	722.58
226	723.86
227	727.74
228	731.64
229	725.15
230	736.90
231	727.74
232	750.26
233	754.35
234	746.22
235	739.54
236	752.98
237	762.60
238	763.99
239	768.17
240	766.77
241	768.17
242	765.38
243	782.38
244	782.38
245	788.16
246	795.48
247	792.54
248	783.81
249	799.92
250	799.92
251	802.90
252	807.39
253	811.93
254	808.90
255	811.93
254	813.45
253	802.90
252	804.39
251	807.40
250	804.39
249	786.71
248	795.48
247	794.01
246	791.07
245	786.71
244	778.07
243	768.18
242	782.38
241	776.65
240	772.39
239	772.39
238	766.77
237	754.34
236	750.26
235	751.62
234	748.91
233	755.71
232	752.98
231	729.04
230	738.21
229	718.74
228	730.34
227	727.74
226	723.86
225	709.91
224	720.02
223	706.17
222	716.20
221	709.91
220	704.93
219	704.93
218	690.29
217	701.23
216	695.12
215	695.13
214	693.91
213	679.60
212	676.09
211	681.96
210	669.14
209	665.71
208	645.62
207	660.04
206	654.44
205	664.57
204	648.91
203	648.91
202	638.05
201	643.45
200	632.71
199	648.91
198	645.62
197	642.36
196	627.44
195	625.35
194	624.31
193	621.20
192	616.06
191	613.01
190	610.99
189	602.00
188	605.97
187	595.14
186	602.00
185	572.46
184	592.24
183	576.15
182	588.40
181	569.71
180	581.76
179	556.24
178	570.62
177	548.38
176	571.54
175	558.90
174	563.37
173	553.60
172	551.85
171	543.22
170	548.38
169	536.45
168	545.79
167	540.67
166	541.52
165	529.81
164	520.05
163	524.90
162	512.90
161	520.85
160	515.27
159	513.69
158	498.26
157	507.44
156	491.53
155	501.29
154	484.20
153	494.50
152	479.87
151	483.47
150	479.16
149	481.31
148	474.19
147	463.11
146	463.11
145	463.79
144	467.22
143	447.16
142	453.71
141	445.22
140	454.37
139	435.08
138	442.02
137	428.90
136	440.11
135	422.25
134	430.13
133	416.91
132	430.13
131	415.74
130	412.83
129	411.09
128	405.95
127	403.69
126	395.39
125	402.57
124	388.38
123	392.13
122	385.21
121	389.45
120	377.43
119	382.59
118	368.37
117	372.36
116	366.40
115	370.36
114	359.62
113	362.99
112	353.01
111	348.85
110	344.31
109	343.41
108	337.20
107	339.84
106	337.64
105	333.73
104	328.61
103	320.32
102	321.54
101	314.28
100	314.68
99	308.79
98	312.31
97	302.30
96	306.10
95	296.00
94	298.20
93	290.58
92	290.23
91	281.51
90	280.83
89	280.83
88	274.47
87	276.12
86	265.45
85	269.91
84	262.01
83	258.03
82	255.32
81	250.02
80	251.77
79	244.02
78	248.00
77	237.40
76	236.59
75	233.92
74	228.17
73	229.72
72	222.13
71	222.87
70	216.29
69	218.21
68	209.28
67	209.74
66	203.45
65	199.76
64	198.69
63	193.66
62	194.07
61	187.60
60	185.45
59	180.67
58	175.87
57	175.69
56	171.41
55	170.89
54	165.25
53	162.61
52	158.58
51	153.77
50	153.32
49	147.99
48	148.28
47	141.94
46	140.31
45	135.56
44	132.51
43	129.06
42	125.72
41	124.56
40	119.70
39	117.85
38	113.23
37	109.91
36	107.00
35	103.63
34	100.75
33	97.29
32	95.45
31	90.96
30	87.91
29	85.06
28	81.57
27	77.80
26	75.29
25	72.04
24	69.30
23	65.89
22	62.24
21	59.38
20	56.24
19	53.78
18	50.48
17	47.38
16	44.39
15	41.38
14	38.59
13	35.16
12	32.26
11	29.36
10	26.68
9	23.93
8	21.04
7	18.20
6	15.51
5	12.94
4	10.46
3	7.99
2	5.74
1	3.65
STEP
0	0.03
1	1.30
2	3.62
3	6.13
4	8.60
5	11.17
6	13.81
7	16.47
8	19.32
9	22.11
10	24.79
11	27.96
12	30.72
13	33.69
14	36.90
15	39.65
16	42.43
17	45.43
18	48.41
19	51.47
20	54.38
21	57.36
22	60.95
23	63.95
24	67.45
25	70.11
26	73.24
27	75.98
28	79.51
29	82.96
30	85.94
31	88.91
32	92.71
33	95.23
34	98.60
35	101.31
36	105.33
37	107.90
38	110.74
39	114.62
40	117.26
41	121.43
42	123.35
43	126.38
44	131.71
45	132.84
46	138.67
47	139.33
48	143.57
49	145.25
50	149.13
51	151.50
52	155.92
53	158.90
54	161.96
55	166.27
56	168.31
57	171.79
58	174.64
59	177.55
60	180.91
61	184.35
62	188.07
63	190.68
64	193.54
65	196.67
66	199.22
67	204.46
68	205.58
69	212.44
70	212.44
71	214.56
72	218.15
73	220.84
74	229.95
75	228.14
76	236.59
77	233.64
78	240.69
79	240.41
80	244.89
81	248.32
82	250.64
83	256.89
84	256.28
85	259.63
86	263.97
87	269.70
88	271.98
89	272.96
90	275.94
91	278.96
92	288.66
93	285.15
94	294.41
95	291.16
96	296.61
97	297.72
98	299.20
99	306.01
100	305.24
101	315.83
102	311.85
103	321.52
104	319.06
105	329.04
106	324.00
107	338.13
108	334.19
109	344.83
110	338.57
111	349.87
112	342.13
113	352.19
114	352.66
115	362.19
116	357.86
117	369.57
118	360.73
119	370.57
120	375.62
121	376.13
122	382.34
123	379.74
124	390.84
125	385.50
126	396.84
127	390.31
128	403.54
129	396.84
130	408.66
131	408.66
132	417.40
133	410.39
134	420.38
135	424.59
136	421.57
137	427.02
138	433.82
139	442.04
140	429.48
141	443.97
142	439.49
143	454.47
144	439.49
145	455.81
146	450.49
147	466.70
148	453.80
149	468.09
150	470.18
151	476.53
152	476.54
153	472.29
154	487.40
155	484.47
156	495.60
157	483.01
158	499.38
159	488.88
160	510.21
161	496.35
162	512.58
163	499.38
164	523.00
165	512.58
166	522.19
167	518.15
168	534.57
169	537.09
170	539.64
171	537.94
172	532.06
173	543.91
174	545.63
175	555.26
176	549.11
177	554.37
178	541.34
179	567.86
180	556.14
181	572.46
182	558.82
183	571.53
184	567.86
185	586.58
186	579.92
187	587.53
188	585.62
189	595.29
190	600.21
191	602.19
192	604.18
193	608.20
194	609.21
195	603.18
196	617.37
197	610.22
198	630.98
199	625.70
200	628.86
201	611.23
202	632.05
203	634.18
204	648.32
205	639.57
206	646.12
207	640.65
208	648.32
209	658.38
210	660.65
211	666.36
212	662.92
213	666.36
214	675.65
215	679.18
216	680.36
217	673.31
218	676.82
219	688.73
220	680.36
221	697.24
222	685.13
223	700.94
224	692.36
225	703.42
226	716.00
227	709.67
228	710.93
229	714.73
230	728.91
231	731.54
232	723.71
233	730.22
234	730.23
235	730.23
236	744.86
237	746.21
238	750.29
239	748.92
240	746.21
241	736.83
242	764.11
243	762.71
244	768.32
245	771.15
246	761.31
247	775.43
248	775.43
249	775.43
250	779.74
251	784.08
252	788.46
253	791.39
254	794.35
255	795.83
254	791.39
253	788.46
252	784.08
251	784.08
250	781.18
249	774.00
248	778.29
247	774.00
246	772.57
245	755.77
244	740.83
243	765.51
242	759.92
241	755.77
240	750.29
239	739.49
238	723.71
237	735.50
236	743.51
235	739.49
234	736.83
233	736.83
232	722.42
231	719.84
230	716.00
229	713.46
228	721.13
227	719.84
226	708.41
225	703.42
224	700.94
223	696.02
222	696.02
221	681.55
220	688.73
219	680.36
218	685.13
217	655.00
216	682.74
215	665.21
214	673.31
213	661.78
212	659.51
211	646.12
210	666.36
209	661.78
208	658.38
207	655.00
206	642.83
205	642.83
204	638.48
203	640.65
202	638.48
201	636.33
200	618.40
199	625.70
198	610.22
197	619.44
196	605.18
195	620.48
194	593.33
193	605.18
192	586.57
191	603.18
190	581.81
189	596.27
188	582.76
187	590.42
186	575.24
185	585.62
184	575.24
183	570.61
182	558.82
181	571.53
180	568.77
179	566.03
178	563.31
177	551.73
176	551.73
175	540.49
174	549.98
173	541.34
172	547.37
171	534.57
170	533.73
169	517.35
168	527.09
167	515.75
166	527.91
165	504.76
164	514.96
163	498.62
162	508.65
161	499.38
160	504.76
159	496.35
158	498.62
157	494.09
156	485.93
155	490.36
154	479.40
153	483.74
152	467.39
151	478.68
150	457.15
149	464.63
148	457.15
147	463.94
146	444.62
145	452.48
144	450.49
143	452.48
142	441.40
141	437.59
140	443.97
139	435.07
138	435.07
137	420.38
136	431.33
135	416.81
134	422.17
133	409.24
132	415.05
131	406.37
130	407.51
129	396.29
128	401.85
127	390.31
126	390.84
125	388.69
124	386.03
123	387.63
122	375.11
121	381.30
120	369.07
119	370.57
118	362.67
117	368.57
116	356.90
115	361.22
114	351.26
113	353.60
112	342.13
111	346.20
110	339.45
109	342.58
108	333.33
107	333.33
106	324.00
105	324.83
104	317.84
103	317.44
102	311.85
101	310.67
100	305.63
99	304.10
98	302.58
97	296.24
96	299.57
95	290.08
94	292.96
93	285.15
92	285.84
91	278.62
90	276.94
89	269.38
88	269.38
87	268.09
86	262.41
85	263.66
84	255.08
83	258.10
82	248.61
81	248.90
80	241.52
79	240.96
78	238.22
77	234.97
76	234.44
75	228.92
74	226.35
73	223.82
72	217.67
71	216.46
70	211.51
69	211.74
68	205.35
67	204.24
66	200.95
65	196.67
64	195.20
63	190.07
62	189.87
61	183.38
60	181.85
59	177.37
58	173.92
57	171.09
56	167.97
55	166.61
54	161.80
53	158.11
52	155.61
51	151.05
50	149.72
49	144.83
48	144.27
47	138.93
46	138.80
45	132.84
44	129.37
43	126.61
42	123.24
41	122.33
40	117.37
39	115.88
38	110.94
37	107.80
36	105.71
35	101.67
34	99.38
33	95.39
32	92.95
31	89.59
30	86.23
29	83.17
28	80.24
27	77.37
26	74.02
25	70.90
24	67.72
23	64.82
22	61.87
21	58.80
20	55.65
19	52.34
18	49.37
17	46.45
16	43.48
15	40.51
14	38.04
13	34.87
12	31.95
11	29.15
10	26.19
9	23.35
8	20.68
7	17.94
6	15.51
5	12.78
4	10.29
3	7.92
2	5.70
1	3.61
STEP
0	0.03
1	1.29
2	3.61
3	6.05
4	8.57
5	11.04
6	13.64
7	16.31
8	18.99
9	21.70
10	24.62
11	27.29
12	30.18
13	33.06
14	35.93
15	38.83
16	41.72
17	44.75
18	47.65
19	51.15
20	53.99
21	56.85
22	59.98
23	63.12
24	66.35
25	69.06
26	72.02
27	75.14
28	78.36
29	81.81
30	84.46
31	87.29
32	90.62
33	93.71
34	97.35
35	100.02
36	102.97
37	106.03
38	109.70
39	112.92
40	115.20
41	118.84
42	121.27
43	124.93
44	127.41
45	130.56
46	136.66
47	136.53
48	141.48
49	142.72
50	146.66
51	148.84
52	152.70
53	155.77
54	159.23
55	161.33
56	165.29
57	168.01
58	171.13
59	173.62
60	179.29
61	180.79
62	186.78
63	186.19
64	188.97
65	192.42
66	194.90
67	201.09
68	201.53
69	210.53
70	208.23
71	214.28
72	214.52
73	216.91
74	222.06
75	223.56
76	232.59
77	229.44
78	236.34
79	234.45
80	239.62
81	243.25
82	245.80
83	251.90
84	252.49
85	254.88
86	258.52
87	260.36
88	266.33
89	264.11
90	275.79
91	273.14
92	281.56
93	279.51
94	284.68
95	285.38
96	287.85
97	293.60
98	296.16
99	303.29
100	300.26
101	309.86
102	308.69
103	318.26
104	314.62
105	324.45
106	317.45
107	327.82
108	323.62
109	334.71
110	329.95
111	342.70
112	339.56
113	349.57
114	344.97
115	348.64
116	347.26
117	358.06
118	360.95
119	363.88
120	362.41
121	364.87
122	375.93
123	371.35
124	383.22
125	376.44
126	388.54
127	384.27
128	393.97
129	388.54
130	401.75
131	395.07
132	412.08
133	406.30
134	408.60
135	410.34
136	417.98
137	422.18
138	416.20
139	432.01
140	423.39
141	433.26
142	426.44
143	444.10
144	435.78
145	449.33
146	437.68
147	450.66
148	452.65
149	461.43
150	458.71
151	456.67
152	471.17
153	467.66
154	476.86
155	466.96
156	485.58
157	473.29
158	488.54
159	477.58
160	493.78
161	483.38
162	509.19
163	495.29
164	506.05
165	500.63
166	518.77
167	515.55
168	509.19
169	520.39
170	521.20
171	526.12
172	514.75
173	530.27
174	524.47
175	543.86
176	530.27
177	542.13
178	530.27
179	554.38
180	548.21
181	560.66
182	555.27
183	566.11
184	554.38
185	572.58
186	574.44
187	575.38
188	582.00
189	581.04
190	585.83
191	581.05
192	590.66
193	583.91
194	598.52
195	583.91
196	600.51
197	585.83
198	609.58
199	596.54
200	620.93
201	602.51
202	615.73
203	612.64
204	625.13
205	617.81
206	639.08
207	639.08
208	634.74
209	637.99
210	637.99
211	652.34
212	652.35
213	659.13
214	640.17
215	664.86
216	656.86
217	668.33
218	660.27
219	670.66
220	666.02
221	676.54
222	673.01
223	684.90
224	684.90
225	687.31
226	690.95
227	695.85
228	709.59
229	698.32
230	700.81
231	705.81
232	715.97
233	723.73
234	713.41
235	705.81
236	717.26
237	727.66
238	730.29
239	731.61
240	726.34
241	722.43
242	743.67
243	746.39
244	749.12
245	750.50
246	754.63
247	754.63
248	743.67
249	758.80
250	761.60
251	765.83
252	767.25
253	771.52
254	770.09
255	777.27
254	774.39
253	771.52
252	765.83
251	763.01
250	764.42
249	761.60
248	758.80
247	743.67
246	743.67
245	746.39
244	747.75
243	742.32
242	740.97
241	739.62
240	736.94
239	721.13
238	709.59
237	718.54
236	723.73
235	726.34
234	709.59
233	708.33
232	704.55
231	703.30
230	709.59
229	708.33
228	698.32
227	692.17
226	689.74
225	687.31
224	686.10
223	674.18
222	681.30
221	663.71
220	674.18
219	660.27
218	668.33
217	659.13
216	663.71
215	647.88
214	659.13
213	647.88
212	644.56
211	632.58
210	647.88
209	646.77
208	642.36
207	636.90
206	637.99
205	632.58
204	623.02
203	623.02
202	615.73
201	612.64
200	621.98
199	616.77
198	598.52
197	603.51
196	591.64
195	599.52
194	593.60
193	592.62
192	573.51
191	584.86
190	566.11
189	579.15
188	562.47
187	568.87
186	565.20
185	569.79
184	557.95
183	561.56
182	550.84
181	557.96
180	549.96
179	548.21
178	537.00
177	548.21
176	543.86
175	541.27
174	538.70
173	524.47
172	527.77
171	517.96
170	526.12
169	515.55
168	514.75
167	499.10
166	508.40
165	501.40
164	503.72
163	488.54
162	499.09
161	488.54
160	491.52
159	484.11
158	486.32
157	479.74
156	474.71
155	476.14
154	470.46
153	467.66
152	458.03
151	466.96
150	451.98
149	454.66
148	446.71
147	454.66
146	440.87
145	442.80
144	430.76
143	442.80
142	433.88
141	426.44
140	425.22
139	425.22
138	427.67
137	409.75
136	420.37
135	404.02
134	416.20
133	400.07
132	405.73
131	392.88
130	403.45
129	386.93
128	391.79
127	382.69
126	387.47
125	379.55
124	376.96
123	375.42
122	369.84
121	364.37
120	361.44
119	365.85
118	354.72
117	357.58
116	349.57
115	353.78
114	343.61
113	348.64
112	337.35
111	339.12
110	328.67
109	332.54
108	325.71
107	329.10
106	320.30
105	322.37
104	310.65
103	310.65
102	305.20
101	303.67
100	299.14
99	298.76
98	296.53
97	289.99
96	290.34
95	283.98
94	286.79
93	277.14
92	280.87
91	272.15
90	272.48
89	266.01
88	266.33
87	263.16
86	257.30
85	254.88
84	250.72
83	250.43
82	246.09
81	242.68
80	239.07
79	233.92
78	235.26
77	228.92
76	228.66
75	222.55
74	221.31
73	216.67
72	213.33
71	210.29
70	207.54
69	207.77
68	201.53
67	203.73
66	195.74
65	192.21
64	189.57
63	186.38
62	184.62
61	180.04
60	180.04
59	173.79
58	172.72
57	168.18
56	163.79
55	163.46
54	157.33
53	158.28
52	151.95
51	150.61
50	145.66
49	143.13
48	139.45
47	137.32
46	134.46
45	131.43
44	128.25
43	125.28
42	121.27
41	119.17
40	115.20
39	113.22
38	109.31
37	106.79
36	103.25
35	100.11
34	96.93
33	93.79
32	91.55
31	88.11
30	84.82
29	81.88
28	78.74
27	76.25
26	72.78
25	69.23
24	66.83
23	63.82
22	61.02
21	57.83
20	54.83
19	51.85
18	48.95
17	45.73
16	42.77
15	39.86
14	37.09
13	34.19
12	31.29
11	28.58
10	25.98
9	23.31
8	20.50
7	17.77
6	15.17
5	12.65
4	10.26
3	7.88
2	5.64
1	3.58
STEP
0	0.03
1	1.29
2	3.58
3	5.98
4	8.43
5	10.92
6	13.48
7	16.08
8	18.98
9	21.44
10	24.21
11	26.95
12	29.80
13	32.70
14	35.61
15	38.47
16	41.63
17	44.12
18	47.00
19	49.95
20	52.87
21	55.62
22	59.08
23	61.96
24	65.33
25	67.98
26	70.83
27	74.06
28	77.10
29	80.49
30	82.80
31	85.92
32	88.96
33	92.14
34	96.29
35	98.76
36	100.95
37	104.03
38	107.71
39	110.65
40	113.80
41	117.07
42	119.35
43	122.48
44	125.13
45	128.10
46	134.06
47	133.80
48	138.90
49	139.98
50	143.83
51	145.95
52	150.02
53	153.33
54	155.95
55	160.23
56	162.35
57	164.50
58	167.89
59	171.02
60	173.86
61	176.77
62	181.26
63	182.99
64	185.32
65	189.49
66	191.93
67	196.31
68	198.22
69	205.92
70	204.13
71	209.80
72	209.57
73	211.90
74	217.87
75	219.09
76	227.39
77	224.58
78	230.78
79	229.99
80	235.31
81	238.04
82	241.64
83	245.89
84	247.62
85	249.37
86	253.51
87	255.31
88	260.52
89	258.97
90	269.09
91	267.79
92	276.02
93	273.35
94	278.05
95	279.07
96	281.82
97	287.43
98	286.72
99	296.87
100	292.83
101	303.67
102	299.49
103	309.49
104	305.21
105	318.32
106	314.67
107	323.28
108	319.96
109	330.93
110	327.93
111	335.73
112	331.37
113	338.39
114	333.10
115	347.00
116	342.89
117	352.60
118	344.25
119	354.97
120	358.81
121	362.22
122	364.18
123	359.29
124	374.25
125	367.16
126	380.47
127	374.76
128	385.77
129	380.99
130	392.26
131	384.70
132	402.87
133	391.17
134	404.58
135	397.80
136	414.47
137	412.70
138	410.36
139	414.47
140	420.45
141	430.27
142	425.93
143	429.65
144	420.45
145	439.77
146	432.78
147	441.06
148	432.15
149	452.24
150	443.66
151	459.01
152	443.66
153	463.14
154	459.01
155	470.13
156	465.22
157	468.72
158	477.28
159	473.69
160	482.38
161	472.26
162	487.55
163	478.00
164	499.68
165	483.11
166	500.45
167	486.81
168	509.05
169	500.45
170	510.64
171	506.68
172	523.59
173	525.25
174	514.64
175	523.59
176	526.08
177	534.47
178	531.93
179	534.47
180	523.60
181	547.42
182	532.78
183	554.51
184	535.32
185	559.01
186	552.73
187	566.32
188	555.41
189	569.09
190	570.96
191	572.83
192	577.54
193	578.49
194	584.23
195	585.20
196	587.14
197	581.35
198	595.97
199	587.14
200	607.03
201	584.23
202	602.97
203	590.06
204	619.43
205	609.07
206	625.76
207	608.05
208	620.48
209	613.18
210	633.28
211	636.54
212	638.72
213	642.02
214	635.45
215	647.58
216	647.58
217	654.34
218	644.24
219	655.47
220	647.58
221	665.82
222	647.58
223	666.99
224	660.04
225	674.04
226	684.82
227	676.42
228	680.00
229	683.61
230	684.82
231	688.47
232	697.09
233	693.38
234	695.85
235	700.84
236	709.69
237	708.42
238	710.97
239	698.34
240	705.88
241	720.00
242	722.61
243	707.15
244	718.70
245	734.54
246	733.20
247	734.54
248	739.93
249	741.29
250	731.86
251	745.38
252	750.89
253	753.67
254	753.67
255	757.86
254	752.28
253	755.06
252	749.51
251	748.13
250	744.02
249	742.65
248	737.23
247	737.23
246	742.65
245	731.87
244	717.40
243	714.82
242	725.24
241	722.62
240	714.82
239	714.82
238	712.25
237	700.84
236	688.47
235	695.85
234	702.09
233	690.92
232	686.03
231	687.25
230	683.61
229	692.15
228	678.80
227	677.61
226	674.04
225	670.50
224	668.16
223	658.90
222	665.82
221	648.70
220	658.90
219	647.58
218	652.07
217	639.82
216	648.70
215	636.54
214	635.45
213	623.64
212	636.54
211	635.45
210	632.20
209	630.04
208	623.64
207	615.25
206	614.22
205	612.15
204	616.29
203	613.18
202	612.15
201	607.03
200	597.96
199	596.96
198	585.20
197	589.08
196	580.40
195	593.00
194	564.48
193	579.44
192	559.92
191	573.77
190	554.51
189	570.02
188	550.06
187	560.83
186	553.62
185	559.01
184	544.79
183	551.84
182	540.46
181	538.74
180	528.57
179	541.32
178	537.88
177	533.62
176	531.93
175	514.64
174	521.13
173	509.84
172	524.42
171	513.03
170	509.84
169	492.80
168	507.47
167	488.30
166	498.90
165	482.38
164	497.37
163	481.64
162	487.55
161	480.18
160	475.84
159	478.00
158	469.43
157	475.12
156	457.64
155	468.72
154	452.24
153	461.06
152	447.59
151	457.64
150	443.01
149	448.91
148	431.52
147	444.96
146	435.94
145	439.13
144	425.32
143	422.27
142	429.02
141	421.05
140	421.05
139	407.45
138	418.64
137	401.73
136	407.45
135	397.24
134	402.30
133	395.02
132	395.57
131	385.23
130	390.63
129	378.38
128	380.99
127	379.42
126	375.79
125	372.20
124	363.69
123	370.68
122	358.81
121	364.68
120	354.02
119	358.33
118	348.39
117	353.08
116	338.84
115	342.43
114	336.17
113	339.73
112	329.64
111	334.85
110	324.54
109	321.20
108	316.28
107	317.10
106	310.68
105	312.66
104	311.47
103	307.14
102	300.24
101	298.74
100	293.19
99	295.39
98	289.21
97	283.21
96	287.43
95	278.05
94	280.78
93	272.69
92	274.35
91	266.83
90	266.83
89	261.76
88	257.44
87	257.74
86	249.08
85	253.51
84	243.90
83	247.33
82	238.59
81	238.86
80	233.43
79	231.57
78	228.95
77	225.34
76	225.34
75	220.32
74	216.66
73	213.79
72	209.11
71	210.27
70	203.01
69	204.13
68	197.37
67	195.88
66	191.73
65	188.28
64	186.30
63	182.60
62	181.64
61	176.96
60	174.95
59	171.19
58	167.72
57	165.17
56	162.02
55	159.91
54	156.26
53	155.17
52	150.17
51	148.26
50	144.11
49	139.57
48	139.17
47	133.93
46	133.80
45	128.34
44	126.90
43	122.14
42	120.01
41	116.32
40	113.29
39	111.25
38	107.23
37	105.80
36	101.40
35	98.33
34	95.46
33	92.30
32	89.80
31	86.43
30	83.43
29	80.35
28	77.54
27	74.85
26	71.64
25	68.04
24	65.69
23	62.75
22	60.19
21	56.92
20	53.98
19	51.33
18	48.21
17	45.05
16	42.24
15	39.35
14	36.55
13	33.70
12	31.14
11	28.41
10	25.63
9	22.80
8	20.15
7	17.64
6	15.16
5	12.50
4	10.10
3	7.77
2	5.60
1	3.57
STEP
0	0.03
1	1.28
2	3.55
3	5.93
4	8.35
5	10.82
6	13.42
7	15.91
8	18.54
9	21.33
10	24.04
11	26.88
12	29.57
13	32.14
14	34.94
15	37.76
16	40.61
17	43.48
18	46.34
19	49.79
20	52.34
21	55.26
22	58.15
23	60.97
24	64.22
25	67.04
26	69.78
27	72.54
28	75.87
29	79.06
30	81.67
31	84.45
32	88.10
33	91.08
34	93.78
35	96.42
36	99.50
37	102.89
38	106.43
39	108.84
40	111.83
41	113.98
42	116.94
43	120.88
44	123.61
45	126.06
46	130.16
47	131.78
48	135.21
49	137.31
50	141.48
51	144.41
52	147.41
53	150.49
54	153.21
55	154.59
56	158.99
57	162.07
58	166.08
59	167.62
60	173.59
61	174.13
62	177.99
63	179.67
64	182.53
65	186.83
66	188.42
67	194.58
68	193.95
69	198.19
70	199.48
71	202.99
72	207.04
73	209.80
74	214.99
75	215.95
76	218.87
77	221.85
78	223.10
79	230.32
80	229.01
81	237.58
82	234.05
83	243.73
84	239.79
85	246.60
86	245.45
87	250.40
88	253.97
89	256.09
90	264.49
91	262.59
92	270.30
93	268.02
94	272.94
95	273.94
96	275.28
97	281.77
98	281.77
99	291.00
100	287.40
101	296.52
102	292.82
103	302.56
104	299.52
105	307.60
106	304.48
107	313.55
108	312.75
109	322.58
110	320.09
111	328.95
112	322.58
113	327.66
114	327.24
115	336.38
116	340.41
117	342.67
118	345.42
119	340.86
120	355.28
121	349.60
122	361.59
123	354.80
124	367.55
125	360.61
126	372.62
127	368.05
128	376.75
129	372.62
130	383.06
131	378.84
132	390.07
133	387.90
134	391.72
135	397.83
136	400.65
137	404.07
138	396.15
139	414.00
140	407.53
141	415.19
142	406.95
143	426.12
144	417.58
145	428.60
146	418.18
147	431.11
148	434.91
149	442.64
150	440.04
151	441.99
152	451.92
153	445.27
154	456.66
155	447.25
156	462.86
157	453.94
158	467.06
159	457.34
160	472.03
161	462.86
162	477.80
163	473.46
164	483.68
165	482.20
166	493.44
167	491.92
168	486.65
169	495.73
170	498.04
171	501.14
172	493.44
173	508.22
174	502.70
175	517.89
176	499.59
177	524.48
178	518.71
179	531.19
180	523.65
181	534.59
182	526.14
183	534.59
184	541.48
185	544.98
186	549.40
187	551.18
188	553.86
189	551.18
190	559.29
191	552.97
192	564.80
193	559.29
194	569.45
195	571.32
196	577.00
197	558.38
198	578.91
199	566.65
200	593.53
201	587.62
202	589.58
203	585.67
204	596.52
205	608.69
206	606.64
207	608.69
208	607.66
209	606.63
210	618.05
211	621.22
212	624.41
213	627.62
214	613.86
215	634.12
216	627.62
217	636.31
218	626.55
219	638.51
220	627.62
221	648.55
222	640.72
223	651.94
224	645.18
225	655.36
226	657.66
227	662.29
228	666.96
229	668.13
230	678.85
231	680.05
232	675.25
233	677.65
234	680.06
235	688.59
236	692.29
237	694.77
238	686.13
239	680.06
240	706.12
241	699.78
242	707.39
243	708.67
244	704.84
245	715.12
246	717.73
247	717.73
248	721.66
249	724.30
250	717.73
251	729.62
252	733.65
253	736.35
254	736.35
255	741.80
254	740.43
253	733.65
252	733.65
251	733.65
250	715.12
249	725.63
248	722.98
247	717.73
246	715.12
245	716.42
244	711.24
243	698.52
242	688.59
241	707.39
240	701.04
239	697.27
238	675.25
237	683.69
236	675.25
235	693.53
234	689.82
233	684.91
232	675.25
231	670.49
230	669.31
229	665.79
228	672.87
227	659.97
226	659.97
225	657.66
224	650.81
223	653.08
222	649.68
221	638.51
220	642.94
219	631.95
218	639.62
217	607.66
216	634.13
215	621.22
214	627.62
213	615.95
212	623.34
211	610.75
210	609.72
209	600.53
208	605.61
207	607.66
206	606.63
205	605.61
204	593.53
203	592.54
202	588.60
201	587.62
200	593.53
199	588.60
198	570.38
197	578.91
196	564.80
195	571.32
194	561.12
193	563.87
192	562.04
191	561.12
190	542.35
189	552.97
188	537.16
187	547.62
186	532.03
185	536.30
184	535.44
183	538.88
182	526.98
181	532.88
180	525.31
179	521.99
178	513.83
177	524.48
176	518.71
175	516.26
174	508.22
173	500.36
172	511.42
171	501.92
170	505.85
169	482.20
168	492.68
167	475.63
166	492.68
165	470.60
164	481.46
163	466.36
162	483.67
161	467.06
160	469.89
159	462.86
158	464.96
157	462.17
156	453.27
155	458.03
154	444.61
153	451.25
152	436.82
151	445.93
150	428.60
149	440.69
148	427.98
147	434.91
146	418.79
145	424.89
144	420.60
143	423.04
142	411.63
141	410.45
140	417.58
139	406.38
138	411.04
137	393.92
136	400.08
135	391.17
134	398.39
133	381.47
132	388.98
131	375.19
130	383.60
129	375.71
128	376.23
127	365.55
126	371.09
125	361.59
124	361.59
123	357.69
122	355.76
121	353.85
120	345.88
119	351.48
118	339.95
117	344.96
116	332.42
115	336.82
114	328.95
113	334.61
112	324.26
111	328.52
110	319.67
109	322.58
108	311.15
107	312.35
106	304.10
105	306.81
104	298.76
103	300.65
102	295.03
101	299.14
100	289.20
99	292.09
98	280.39
97	280.39
96	277.99
95	272.61
94	273.28
93	266.41
92	269.00
91	258.85
90	263.86
89	256.70
88	255.18
87	250.40
86	246.89
85	248.34
84	239.51
83	242.60
82	233.78
81	237.03
80	228.49
79	229.01
78	224.37
77	219.61
76	218.87
75	214.03
74	214.99
73	208.18
72	208.41
71	202.33
70	199.05
69	198.19
68	193.33
67	194.16
66	189.63
65	186.83
64	182.72
63	179.48
62	177.99
61	173.77
60	172.88
59	167.79
58	165.91
57	160.77
56	158.83
55	154.74
54	152.90
53	150.64
52	147.41
51	144.41
50	141.62
49	137.17
48	135.99
47	132.03
46	130.78
45	126.06
44	124.88
43	121.33
42	117.04
41	115.23
40	111.42
39	109.23
38	105.58
37	103.17
36	100.73
35	96.42
34	93.70
33	90.92
32	89.53
31	85.16
30	81.94
29	79.13
28	76.24
27	72.89
26	70.51
25	67.52
24	64.73
23	61.84
22	58.55
21	55.77
20	52.86
19	50.06
18	47.28
17	44.85
16	41.85
15	39.07
14	36.45
13	33.52
12	30.57
11	27.88
10	25.22
9	22.54
8	19.94
7	17.35
6	14.84
5	12.40
4	9.99
3	7.80
2	5.56
1	3.55
STEP
0	0.03
1	1.28
2	3.57
3	5.89
4	8.29
5	10.73
6	13.27
7	15.74
8	18.34
9	21.07
10	23.75
11	26.58
12	29.04
13	31.71
14	34.48
15	37.26
16	40.06
17	42.84
18	45.69
19	48.42
20	51.62
21	54.28
22	57.33
23	60.10
24	63.30
25	65.80
26	68.64
27	71.75
28	74.61
29	77.93
30	80.35
31	83.08
32	86.07
33	89.04
34	92.63
35	95.06
36	97.57
37	101.15
38	103.50
39	107.07
40	109.11
41	111.91
42	115.00
43	118.76
44	121.66
45	123.48
46	128.21
47	129.55
48	133.04
49	134.83
50	138.65
51	141.50
52	144.72
53	147.30
54	150.39
55	152.80
56	156.04
57	158.57
58	163.64
59	164.31
60	168.92
61	170.49
62	173.16
63	176.62
64	178.86
65	183.44
66	184.61
67	191.03
68	190.82
69	196.46
70	196.46
71	199.04
72	203.44
73	204.56
74	212.64
75	210.75
76	215.99
77	215.99
78	220.16
79	223.93
80	226.24
81	231.48
82	231.74
83	234.16
84	237.98
85	239.93
86	246.18
87	245.32
88	253.57
89	252.07
90	254.17
91	257.84
92	256.91
93	265.38
94	265.38
95	273.91
96	270.92
97	282.12
98	275.93
99	285.64
100	281.77
101	287.78
102	287.07
103	293.60
104	293.24
105	298.46
106	299.21
107	306.14
108	310.48
109	313.29
110	314.91
111	318.19
112	322.77
113	323.61
114	324.46
115	322.35
116	337.09
117	331.34
118	342.06
119	336.19
120	342.97
121	343.89
122	353.74
123	347.13
124	359.54
125	355.18
126	365.49
127	360.03
128	374.14
129	368.51
130	372.59
131	375.18
132	382.02
133	385.24
134	377.79
135	390.68
136	386.32
137	400.20
138	389.04
139	399.63
140	397.36
141	410.04
142	399.63
143	412.40
144	409.45
145	422.06
146	419.62
147	417.80
148	429.52
149	428.26
150	435.23
151	432.04
152	441.05
153	432.68
154	446.99
155	437.80
156	449.66
157	442.36
158	457.82
159	448.99
160	462.68
161	458.51
162	467.61
163	464.78
164	471.89
165	475.51
166	474.06
167	485.84
168	470.46
169	484.34
170	476.23
171	498.05
172	479.90
173	496.50
174	494.19
175	506.69
176	503.52
177	505.90
178	501.95
179	515.56
180	518.84
181	520.48
182	519.66
183	517.19
184	532.25
185	527.16
186	539.14
187	532.25
188	540.89
189	528.85
190	545.28
191	535.68
192	554.23
193	539.14
194	565.24
195	551.52
196	564.31
197	557.86
198	568.98
199	560.61
200	579.46
201	581.39
202	585.29
203	586.27
204	577.53
205	583.33
206	585.29
207	591.20
208	599.23
209	601.26
210	608.44
211	600.24
212	603.29
213	614.69
214	608.44
215	622.11
216	592.20
217	623.18
218	615.75
219	628.57
220	621.05
221	635.13
222	635.13
223	637.34
224	639.56
225	642.91
226	645.15
227	644.03
228	661.21
229	649.68
230	656.56
231	656.56
232	657.72
233	668.26
234	671.84
235	655.41
236	669.45
237	660.04
238	681.49
239	685.16
240	676.64
241	670.64
242	690.10
243	691.35
244	693.84
245	687.63
246	692.59
247	701.41
248	705.24
249	707.81
250	711.69
251	713.00
252	716.92
253	719.55
254	718.23
255	722.19
254	719.55
253	716.92
252	703.96
251	714.30
250	707.81
249	709.10
248	709.10
247	702.69
246	683.94
245	698.88
244	696.36
243	691.35
242	690.10
241	688.86
240	674.23
239	671.84
238	675.43
237	665.90
236	679.06
235	669.45
234	671.84
233	661.21
232	658.88
231	658.88
230	656.56
229	657.72
228	656.56
227	637.34
226	642.91
225	631.84
224	638.45
223	626.41
222	636.23
221	624.25
220	629.66
219	615.75
218	623.18
217	612.60
216	622.11
215	609.47
214	611.55
213	596.20
212	608.44
211	604.32
210	606.37
209	602.27
208	594.19
207	587.25
206	585.29
205	591.20
204	590.21
203	587.25
202	584.31
201	575.62
200	561.53
199	571.81
198	557.86
197	562.46
196	557.86
195	557.86
194	538.28
193	552.42
192	533.96
191	548.84
190	530.55
189	544.40
188	533.96
187	538.28
186	528.01
185	533.96
184	522.97
183	521.31
182	512.31
181	521.31
180	520.49
179	518.01
178	514.74
177	499.60
176	509.89
175	498.82
174	504.31
173	484.34
172	498.82
171	482.86
170	486.59
169	469.74
168	481.37
167	480.63
166	475.51
165	467.61
164	476.23
163	469.03
162	459.89
161	465.48
160	461.28
159	458.51
158	444.34
157	453.71
156	433.95
155	446.99
154	433.31
153	442.36
152	428.89
151	432.68
150	428.89
149	432.04
148	424.53
147	414.19
146	423.91
145	414.79
144	417.80
143	400.77
142	408.28
141	398.49
140	406.53
139	390.14
138	396.80
137	385.24
136	394.56
135	382.55
134	385.78
133	374.66
132	379.90
131	372.08
130	370.03
129	366.99
128	363.99
127	362.50
126	355.66
125	360.53
124	349.00
123	351.83
122	344.35
121	349.94
120	338.43
119	344.35
118	330.47
117	337.98
116	327.88
115	332.66
114	324.04
113	319.84
112	314.50
111	312.89
110	315.73
109	310.88
108	309.29
107	306.92
106	304.19
105	300.73
104	295.83
103	289.59
102	291.04
101	284.58
100	284.58
99	277.97
98	280.73
97	272.57
96	276.27
95	267.00
94	269.60
93	262.52
92	261.89
91	255.99
90	253.57
89	252.97
88	248.22
87	248.22
86	242.18
85	239.93
84	237.16
83	231.74
82	233.35
81	225.98
80	230.15
79	221.41
78	223.68
77	215.27
76	216.24
75	209.82
74	208.89
73	205.91
72	201.88
71	202.33
70	196.03
69	194.14
68	190.21
67	187.38
66	186.19
65	181.70
64	181.90
63	176.25
62	174.43
61	168.92
60	167.19
59	164.98
58	161.49
57	161.65
56	156.51
55	154.49
54	150.39
53	147.15
52	144.86
51	141.92
50	139.73
49	136.40
48	134.96
47	129.79
46	126.41
45	124.64
44	120.98
43	119.53
42	115.32
41	113.75
40	109.60
39	106.31
38	104.43
37	100.70
36	98.86
35	95.89
34	92.86
33	89.42
32	86.51
31	84.42
30	80.82
29	78.38
28	75.28
27	72.28
26	69.30
25	66.69
24	64.00
23	60.91
22	58.08
21	55.67
20	52.53
19	49.64
18	46.58
17	43.80
16	41.00
15	38.30
14	35.59
13	33.09
12	30.44
11	27.83
10	24.93
9	22.28
8	19.69
7	17.18
6	14.76
5	12.29
4	9.92
3	7.70
2	5.51
1	3.53
STEP
0	0.03
1	1.27
2	3.50
3	5.85
4	8.21
5	10.63
6	13.25
7	15.58
8	18.15
9	20.79
10	23.48
11	26.17
12	28.64
13	31.40
14	34.01
15	36.85
16	39.55
17	42.16
18	45.05
19	47.74
20	50.54
21	53.57
22	56.74
23	59.25
24	62.05
25	65.36
26	67.85
27	70.41
28	73.37
29	76.37
30	79.59
31	82.02
32	84.74
33	87.51
34	90.32
35	93.97
36	96.20
37	99.01
38	101.84
39	104.68
40	108.99
41	110.38
42	114.68
43	115.95
44	118.54
45	123.37
46	124.53
47	129.80
48	130.17
49	134.47
50	136.55
51	138.28
52	143.21
53	143.91
54	149.85
55	149.70
56	154.24
57	156.11
58	158.65
59	161.90
60	164.57
61	170.26
62	170.26
63	174.19
64	176.21
65	178.25
66	181.86
67	184.19
68	191.63
69	189.79
70	197.54
71	195.61
72	198.40
73	200.80
74	203.46
75	211.51
76	209.17
77	217.28
78	214.37
79	220.75
80	220.00
81	224.29
82	227.91
83	230.54
84	235.39
85	235.39
86	237.59
87	240.66
88	241.51
89	248.43
90	249.02
91	256.55
92	254.71
93	262.48
94	260.27
95	265.36
96	266.00
97	267.95
98	274.25
99	273.25
100	282.51
101	279.72
102	287.13
103	284.99
104	293.70
105	290.39
106	301.63
107	297.44
108	307.08
109	303.17
110	312.67
111	306.68
112	315.52
113	311.86
114	322.17
115	320.49
116	329.88
117	324.71
118	334.73
119	330.76
120	337.86
121	339.67
122	341.95
123	344.72
124	343.33
125	354.65
126	348.45
127	360.01
128	353.21
129	365.99
130	359.03
131	375.75
132	365.49
133	375.23
134	371.08
135	385.34
136	378.91
137	382.11
138	384.80
139	390.82
140	398.67
141	388.61
142	399.81
143	398.10
144	410.88
145	403.26
146	411.47
147	402.68
148	421.77
149	412.67
150	426.74
151	412.67
152	431.79
153	428.62
154	436.29
155	429.26
156	436.94
157	445.47
158	440.19
159	450.17
160	440.85
161	455.63
162	445.47
163	465.40
164	450.17
165	463.99
166	454.25
167	474.75
168	466.82
169	474.02
170	471.12
171	485.87
172	484.37
173	479.90
174	495.04
175	488.90
176	499.72
177	482.12
178	504.46
179	494.27
180	510.07
181	491.96
182	516.60
183	507.66
184	521.57
185	510.88
186	525.77
187	530.01
188	529.16
189	532.58
190	534.30
191	536.91
192	533.44
193	543.05
194	536.04
195	547.49
196	551.99
197	553.81
198	538.65
199	558.38
200	544.82
201	569.58
202	563.01
203	574.35
204	560.23
205	569.58
206	567.70
207	576.27
208	588.00
209	588.99
210	589.99
211	596.01
212	591.98
213	599.05
214	600.07
215	602.12
216	602.12
217	601.10
218	610.41
219	602.12
220	612.51
221	610.41
222	619.94
223	612.51
224	624.24
225	615.68
226	630.77
227	641.89
228	636.29
229	636.29
230	637.41
231	643.01
232	650.98
233	655.60
234	647.55
235	650.99
236	652.14
237	664.99
238	663.80
239	669.75
240	655.61
241	666.17
242	675.78
243	676.99
244	676.99
245	680.65
246	670.95
247	688.06
248	688.06
249	693.07
250	696.86
251	700.68
252	699.40
253	700.68
254	704.53
255	705.82
254	704.53
253	703.24
252	700.68
251	696.86
250	696.86
249	691.81
248	691.81
247	689.31
246	676.99
245	672.15
244	680.65
243	675.78
242	676.99
241	652.14
240	661.45
239	650.99
238	666.17
237	662.62
236	661.45
235	657.93
234	646.41
233	644.15
232	641.89
231	640.76
230	638.52
229	644.15
228	644.15
227	630.77
226	628.59
225	624.24
224	625.32
223	621.01
222	619.94
221	619.94
220	607.28
219	610.41
218	601.10
217	608.32
216	597.02
215	597.02
214	591.98
213	598.03
212	588.00
211	586.02
210	574.35
209	581.12
208	568.64
207	583.07
206	580.14
205	578.20
204	576.27
203	573.39
202	563.01
201	561.15
200	558.38
199	557.46
198	553.81
197	551.99
196	560.22
195	545.71
194	551.99
193	532.58
192	538.65
191	528.31
190	533.44
189	524.92
188	528.31
187	503.67
186	524.08
185	506.05
184	521.57
183	494.27
182	513.32
181	504.46
180	507.66
179	492.73
178	496.59
177	501.29
176	498.15
175	490.43
174	481.38
173	489.66
172	482.12
171	481.38
170	463.28
169	479.16
168	464.70
167	469.68
166	453.57
165	463.99
164	453.57
163	459.08
162	452.21
161	454.94
160	452.89
159	442.16
158	446.81
157	438.23
156	439.54
155	426.74
154	436.29
153	421.15
152	429.26
151	410.88
150	425.49
149	413.86
148	419.93
147	403.26
146	409.10
145	401.53
144	408.51
143	400.39
142	394.72
141	391.37
140	394.72
139	394.72
138	379.44
137	385.88
136	374.71
135	385.88
134	373.15
133	376.80
132	363.48
131	368.53
130	359.52
129	367.00
128	353.69
127	358.54
126	347.51
125	348.93
124	347.05
123	343.79
122	342.87
121	335.17
120	339.22
119	328.15
118	333.84
117	322.17
116	325.99
115	315.93
114	320.91
113	312.67
112	317.99
111	308.27
110	311.46
109	302.78
108	306.68
107	297.44
106	297.06
105	289.66
104	291.85
103	284.28
102	286.41
101	278.34
100	280.76
99	273.25
98	272.91
97	266.65
96	266.65
95	264.39
94	259.65
93	261.85
92	254.10
91	253.50
90	248.72
89	248.43
88	244.07
87	238.14
86	240.38
85	232.95
84	236.49
83	228.17
82	231.08
81	222.00
80	223.78
79	218.76
78	213.89
77	217.04
76	209.17
75	210.81
74	203.02
73	203.46
72	197.54
71	196.25
70	193.50
69	190.81
68	189.58
67	185.57
66	182.63
65	178.07
64	175.47
63	173.83
62	170.08
61	170.08
60	164.57
59	162.57
58	157.69
57	155.80
56	152.10
55	150.74
54	147.78
53	144.76
52	141.81
51	139.49
50	135.37
49	133.70
48	129.80
47	129.07
46	124.41
45	123.37
44	119.64
43	115.73
42	114.16
41	110.28
40	108.41
39	104.68
38	102.75
37	100.06
36	96.45
35	93.64
34	90.63
33	88.41
32	85.61
31	82.36
30	79.46
29	76.69
28	74.34
27	70.80
26	68.34
25	65.52
24	62.83
23	60.28
22	56.96
21	54.06
20	51.30
19	48.64
18	46.40
17	43.48
16	40.71
15	38.25
14	35.37
13	32.41
12	29.83
11	27.20
10	24.55
9	22.02
8	19.47
7	16.99
6	14.54
5	12.21
4	9.81
3	7.59
2	5.48
1	3.50
STEP
0	0.03
1	1.28
2	3.49
3	5.82
4	8.14
5	10.51
6	12.96
7	15.43
8	17.94
9	20.60
10	23.32
11	25.80
12	28.45
13	30.94
14	33.89
15	36.28
16	39.02
17	41.68
18	44.39
19	47.17
20	49.85
21	52.56
22	55.40
23	58.60
24	61.16
25	63.91
26	67.08
27	69.60
28	72.35
29	75.11
30	77.68
31	81.11
32	83.38
33	86.02
34	89.07
35	92.42
36	95.26
37	97.27
38	100.04
39	102.73
40	106.56
41	109.08
42	111.99
43	115.52
44	116.69
45	119.75
46	122.23
47	125.01
48	130.69
49	130.82
50	135.15
51	136.06
52	139.39
53	141.31
54	145.10
55	147.70
56	150.66
57	154.48
58	155.89
59	158.91
60	161.68
61	164.18
62	168.46
63	169.86
64	175.62
65	175.81
66	180.89
67	180.50
68	183.01
69	187.76
70	189.18
71	196.92
72	194.37
73	200.40
74	199.52
75	203.74
76	207.39
77	209.24
78	214.46
79	214.70
80	217.39
81	220.87
82	220.36
83	227.79
84	226.75
85	235.57
86	231.50
87	240.30
88	236.95
89	243.14
90	244.87
91	247.49
92	254.99
93	252.56
94	259.95
95	257.76
96	262.80
97	263.76
98	270.28
99	270.95
100	270.61
101	277.03
102	274.64
103	281.89
104	280.84
105	289.78
106	289.41
107	299.88
108	295.71
109	304.14
110	299.88
111	309.68
112	303.36
113	311.29
114	306.89
115	317.01
116	314.95
117	326.31
118	321.61
119	330.66
120	325.45
121	332.87
122	331.98
123	341.44
124	337.79
125	343.75
126	345.61
127	347.96
128	351.29
129	349.38
130	360.05
131	353.21
132	370.15
133	364.04
134	371.70
135	365.55
136	376.40
137	374.82
138	385.52
139	374.30
140	386.06
141	380.65
142	395.51
143	394.95
144	392.14
145	395.51
146	401.80
147	407.65
148	407.06
149	410.02
150	408.24
151	420.32
152	413.01
153	425.29
154	416.64
155	430.35
156	422.79
157	435.49
158	425.29
159	440.06
160	436.14
161	444.71
162	453.51
163	442.71
164	454.20
165	449.42
166	463.28
167	448.07
168	461.87
169	450.78
170	473.35
171	458.36
172	472.62
173	470.44
174	483.74
175	471.89
176	482.23
177	493.68
178	493.68
179	496.01
180	486.76
181	500.73
182	498.36
183	507.12
184	496.01
185	508.74
186	499.94
187	516.10
188	503.11
189	520.26
190	516.10
191	525.31
192	519.43
193	529.58
194	538.26
195	535.64
196	537.38
197	538.26
198	542.68
199	543.57
200	548.95
201	557.17
202	560.88
203	560.88
204	567.47
205	549.86
206	559.95
207	555.33
208	576.09
209	568.41
210	576.09
211	571.27
212	576.09
213	562.75
214	589.89
215	579.01
216	593.92
217	579.01
218	597.99
219	600.04
220	601.07
221	607.30
222	606.25
223	609.39
224	611.50
225	613.62
226	614.68
227	627.64
228	612.55
229	625.45
230	616.81
231	627.64
232	638.75
233	638.75
234	639.88
235	635.39
236	627.64
237	642.14
238	648.99
239	653.62
240	653.62
241	658.30
242	652.46
243	655.96
244	664.22
245	666.60
246	669.01
247	672.63
248	675.06
249	669.01
250	682.44
251	681.20
252	683.67
253	684.92
254	686.17
255	692.45
254	687.42
253	686.17
252	686.17
251	679.96
250	679.96
249	677.51
248	664.22
247	670.21
246	670.21
245	665.41
244	665.41
243	664.22
242	653.62
241	650.15
240	646.70
239	644.41
238	648.99
237	648.99
236	645.55
235	642.14
234	638.75
233	642.14
232	629.84
231	628.74
230	625.45
229	624.36
228	620.03
227	627.64
226	603.13
225	612.55
224	603.13
223	607.29
222	597.99
221	604.17
220	591.90
219	597.99
218	586.89
217	588.89
216	589.89
215	587.89
214	585.90
213	584.90
212	582.93
211	573.19
210	570.32
209	568.41
208	564.63
207	563.69
206	566.52
205	567.47
204	563.69
203	546.25
202	552.59
201	540.02
200	545.36
199	535.64
198	548.95
197	537.38
196	539.14
195	519.43
194	530.44
193	512.81
192	526.16
191	509.55
190	522.78
189	511.17
188	516.10
187	506.32
186	512.81
185	498.36
184	507.12
183	504.71
182	501.52
181	492.90
180	491.36
179	495.23
178	474.08
177	489.82
176	473.35
175	482.98
174	463.99
173	473.35
172	469.72
171	473.35
170	461.87
169	461.87
168	454.89
167	463.28
166	456.97
165	448.74
164	452.14
163	448.74
162	446.72
161	431.62
160	441.38
159	428.44
158	436.79
157	424.04
156	431.62
155	413.61
154	425.92
153	419.70
152	420.32
151	414.21
150	405.88
149	415.42
148	405.30
147	408.83
146	389.91
145	398.36
144	388.26
143	398.36
142	381.73
141	388.81
140	376.40
139	386.06
138	376.40
137	376.93
136	367.59
135	372.22
134	368.61
133	366.57
132	361.04
131	358.08
130	363.04
129	347.96
128	353.69
127	342.83
126	349.38
125	337.34
124	342.83
123	331.98
122	337.34
121	324.59
120	333.31
119	323.31
118	326.74
117	317.84
116	321.61
115	309.28
114	309.68
113	304.14
112	307.68
111	306.10
110	301.80
109	299.88
108	296.84
107	291.98
106	285.08
105	286.88
104	280.84
103	280.84
102	274.64
101	276.34
100	269.95
99	270.95
98	264.72
97	267.32
96	258.70
95	262.16
94	255.30
93	253.77
92	249.27
91	246.62
90	246.03
89	241.43
88	243.14
87	236.40
86	237.23
85	230.17
84	229.64
83	227.79
82	220.87
81	224.42
80	215.67
79	217.63
78	210.65
77	211.12
76	205.10
75	202.84
74	200.84
73	198.22
72	197.78
71	193.10
70	190.00
69	187.76
68	183.01
67	181.85
66	178.23
65	178.04
64	172.53
63	170.92
62	167.07
61	163.67
60	162.84
59	158.59
58	158.59
57	153.40
56	150.51
55	148.14
54	143.68
53	142.70
52	138.32
51	137.65
50	132.96
49	133.09
48	127.75
47	126.55
46	123.15
45	119.64
44	118.65
43	114.05
42	112.70
41	108.59
40	105.61
39	103.65
38	100.31
37	98.22
36	95.68
35	93.22
34	89.53
33	86.53
32	84.37
31	81.17
30	78.26
29	75.73
28	72.76
27	70.50
26	67.24
25	64.93
24	61.98
23	59.06
22	56.64
21	53.69
20	50.95
19	48.27
18	45.62
17	42.63
16	39.96
15	37.34
14	34.69
13	32.23
12	29.71
11	27.02
10	24.47
9	21.73
8	19.38
7	16.88
6	14.41
5	12.04
4	9.73
3	7.54
2	5.44
1	3.48
STEP
0	0.03
1	1.27
2	3.47
3	5.77
4	8.10
5	10.43
6	12.83
7	15.29
8	17.95
9	20.26
10	22.78
11	25.35
12	27.93
13	30.53
14	33.40
15	36.07
16	38.91
17	41.38
18	44.07
19	47.07
20	49.40
21	52.00
22	54.88
23	57.51
24	60.63
25	62.56
26	65.23
27	68.31
28	71.17
29	74.18
30	76.71
31	79.35
32	82.25
33	84.77
34	88.00
35	90.44
36	92.96
37	96.16
38	99.24
39	102.45
40	104.01
41	106.65
42	110.77
43	111.99
44	117.03
45	117.68
46	120.10
47	123.86
48	125.27
49	129.86
50	131.98
51	135.85
52	137.43
53	138.37
54	143.18
55	144.46
56	149.11
57	150.45
58	155.99
59	156.30
60	159.67
61	161.47
62	164.14
63	168.26
64	169.31
65	174.88
66	175.06
67	178.41
68	181.66
69	182.44
70	188.60
71	187.79
72	195.90
73	193.15
74	198.06
75	200.47
76	201.13
77	207.71
78	205.64
79	214.83
80	211.46
81	220.26
82	216.78
83	223.30
84	222.02
85	226.14
86	229.29
87	231.70
88	237.17
89	237.45
90	239.41
91	242.53
92	245.13
93	250.15
94	249.55
95	258.10
96	255.30
97	262.84
98	260.93
99	265.75
100	271.02
101	268.04
102	273.71
103	272.36
104	278.52
105	278.17
106	284.15
107	283.79
108	289.94
109	288.48
110	301.26
111	297.04
112	306.75
113	300.48
114	311.97
115	305.95
116	316.49
117	309.55
118	319.00
119	316.49
120	327.98
121	321.53
122	333.73
123	324.52
124	337.78
125	333.28
126	342.84
127	337.78
128	343.30
129	347.53
130	348.95
131	360.65
132	349.43
133	361.15
134	354.73
135	370.30
136	359.16
137	371.86
138	367.22
139	380.87
140	375.01
141	382.49
142	374.48
143	389.63
144	387.97
145	395.25
146	389.63
147	391.87
148	401.57
149	400.99
150	409.22
151	396.39
152	412.22
153	406.26
154	418.93
155	410.42
156	423.28
157	414.64
158	428.97
159	420.79
160	439.36
161	431.54
162	438.04
163	434.77
164	447.38
165	446.03
166	444.02
167	450.11
168	452.17
169	461.24
170	446.03
171	460.53
172	457.02
173	471.30
174	454.23
175	469.84
176	471.30
177	479.43
178	469.12
179	483.19
180	488.53
181	489.30
182	488.53
183	487.76
184	497.10
185	492.40
186	503.46
187	491.62
188	505.87
189	495.52
190	512.40
191	505.87
192	516.54
193	511.58
194	527.53
195	522.42
196	526.67
197	528.39
198	530.12
199	531.85
200	542.42
201	545.12
202	546.02
203	548.73
204	544.22
205	546.92
206	542.43
207	551.47
208	553.30
209	565.45
210	556.07
211	567.35
212	563.56
213	566.40
214	552.39
215	575.06
216	572.15
217	581.92
218	575.06
219	585.90
220	585.90
221	591.94
222	592.96
223	595.00
224	599.10
225	610.61
226	603.25
227	605.34
228	606.39
229	608.50
230	620.27
231	619.18
232	614.88
233	609.55
234	621.35
235	612.74
236	633.49
237	633.49
238	634.62
239	634.62
240	631.26
241	627.94
242	636.86
243	649.45
244	648.29
245	654.11
246	652.94
247	657.64
248	650.61
249	662.40
250	662.40
251	663.59
252	667.20
253	669.62
254	669.62
255	673.27
254	674.50
253	672.05
252	672.05
251	665.99
250	662.40
249	661.20
248	641.40
247	652.94
246	649.45
245	652.94
244	649.45
243	647.13
242	629.04
241	637.99
240	640.26
239	639.13
238	634.62
237	631.26
236	631.26
235	631.26
234	617.02
233	619.18
232	617.02
231	614.88
230	619.18
229	613.81
228	615.95
227	604.29
226	602.21
225	599.10
224	595.00
223	593.98
222	593.97
221	581.92
220	587.90
219	574.09
218	582.92
217	558.86
216	577.01
215	567.35
214	572.15
213	564.50
212	571.19
211	561.67
210	564.50
209	546.02
208	551.47
207	542.42
206	547.83
205	538.87
204	551.47
203	546.92
202	546.92
201	545.12
200	543.32
199	530.12
198	531.85
197	526.68
196	527.53
195	523.27
194	519.89
193	517.37
192	507.49
191	514.88
190	501.86
189	509.94
188	492.40
187	503.46
186	487.76
185	501.06
184	490.85
183	493.96
182	486.23
181	483.95
180	486.23
179	483.95
178	481.68
177	469.85
176	474.97
175	468.39
174	466.95
173	451.48
172	468.39
171	454.24
170	457.02
169	443.35
168	458.42
167	448.74
166	449.42
165	439.36
164	442.68
163	445.36
162	430.89
161	434.77
160	426.43
159	429.61
158	417.70
157	426.43
156	411.62
155	419.55
154	407.44
153	414.64
152	402.15
151	411.62
150	397.53
149	400.41
148	397.53
147	397.53
146	392.43
145	385.21
144	383.58
143	384.12
142	386.86
141	370.82
140	377.12
139	368.76
138	376.06
137	361.65
136	367.22
135	357.18
134	366.70
133	352.79
132	357.67
131	346.11
130	357.18
129	346.11
128	343.77
127	340.99
126	333.28
125	339.15
124	328.86
123	333.28
122	324.09
121	328.42
120	318.58
119	323.66
118	309.95
117	314.43
116	305.95
115	312.79
114	304.38
113	307.94
112	299.71
111	301.26
110	290.68
109	291.42
108	285.58
107	286.30
106	281.67
105	280.61
104	275.42
103	275.42
102	270.69
101	269.36
100	266.07
99	264.77
98	262.52
97	257.16
96	262.84
95	252.25
94	255.00
93	246.89
92	246.89
91	241.96
90	239.69
89	239.69
88	233.59
87	235.51
86	226.14
85	230.36
84	221.77
83	222.02
82	216.53
81	215.31
80	212.90
79	210.28
78	209.81
77	205.64
76	203.14
75	200.03
74	195.47
73	196.33
72	190.44
71	192.73
70	185.38
69	185.78
68	180.12
67	177.10
66	174.51
65	171.43
64	171.26
63	166.87
62	166.70
61	161.47
60	160.32
59	156.15
58	152.11
57	151.81
56	147.05
55	147.34
54	141.65
53	140.82
52	136.11
51	134.02
50	130.60
49	129.24
48	126.34
47	123.86
46	121.79
45	117.46
44	115.53
43	112.19
42	109.58
41	107.42
40	104.11
39	102.82
38	98.98
37	96.16
36	94.01
35	90.59
34	87.70
33	85.21
32	82.46
31	80.42
30	77.09
29	74.36
28	71.86
27	69.02
26	66.75
25	63.65
24	61.01
23	58.23
22	55.73
21	52.47
20	50.04
19	47.31
18	44.79
17	42.36
16	39.85
15	37.03
14	34.49
13	31.84
12	29.24
11	26.53
10	24.05
9	21.54
8	19.05
7	16.73
6	14.35
5	11.93
4	9.66
3	7.48
2	5.39
1	3.47
STEP
0	0.03
1	1.25
2	3.44
3	5.76
4	8.03
5	10.34
6	12.72
7	15.15
8	17.67
9	20.04
10	22.55
11	25.11
12	27.61
13	30.34
14	32.98
15	35.78
16	38.21
17	40.77
18	43.50
19	46.14
20	49.00
21	51.14
22	53.84
23	56.37
24	59.18
25	62.35
26	64.70
27	67.37
28	70.53
29	72.91
30	75.32
31	78.17
32	80.81
33	84.19
34	86.21
35	89.96
36	91.60
37	94.25
38	97.60
39	99.42
40	102.18
41	105.61
42	107.52
43	110.78
44	113.44
45	116.08
46	119.35
47	120.58
48	123.31
49	126.73
50	129.78
51	132.16
52	134.86
53	137.76
54	140.20
55	142.28
56	145.25
57	149.20
58	150.55
59	155.95
60	156.27
61	159.48
62	161.61
63	163.61
64	167.72
65	169.48
66	174.70
67	174.88
68	178.62
69	180.91
70	181.49
71	186.22
72	186.82
73	193.21
74	193.00
75	196.62
76	200.12
77	199.89
78	206.21
79	205.52
80	213.52
81	210.65
82	218.18
83	215.71
84	221.70
85	220.43
86	224.78
87	227.65
88	230.04
89	234.65
90	235.20
91	239.67
92	240.53
93	242.82
94	247.78
95	247.19
96	255.35
97	252.89
98	259.73
99	257.84
100	262.28
101	264.21
102	268.47
103	267.81
104	276.58
105	272.15
106	280.77
107	283.61
108	285.41
109	289.05
110	290.52
111	294.63
112	296.14
113	298.82
114	301.92
115	301.14
116	300.75
117	312.72
118	307.45
119	317.69
120	311.90
121	319.37
122	318.11
123	328.42
124	323.21
125	333.75
126	329.30
127	337.37
128	331.96
129	344.31
130	337.83
131	347.62
132	346.67
133	348.58
134	355.36
135	359.81
136	360.81
137	355.36
138	370.01
139	362.83
140	375.79
141	363.33
142	376.85
143	372.62
144	383.33
145	378.46
146	385.53
147	377.39
148	393.92
149	395.06
150	400.82
151	392.22
152	399.66
153	406.71
154	403.75
155	411.51
156	404.34
157	417.00
158	407.31
159	423.23
160	413.94
161	425.12
162	417.62
163	432.17
164	428.31
165	436.09
166	432.17
167	440.72
168	449.52
169	438.73
170	449.52
171	451.58
172	457.16
173	444.08
174	457.86
175	451.58
176	467.15
177	452.97
178	473.01
179	467.15
180	477.46
181	466.43
182	478.21
183	484.27
184	485.80
185	488.88
186	485.03
187	492.77
188	488.88
189	499.09
190	487.34
191	503.10
192	490.43
193	504.72
194	500.69
195	512.09
196	507.98
197	517.93
198	519.62
199	530.77
200	529.91
201	534.28
202	527.31
203	528.17
204	534.28
205	533.40
206	542.28
207	544.99
208	548.63
209	551.38
210	552.30
211	548.63
212	553.23
213	553.23
214	561.65
215	556.01
216	567.36
217	544.99
218	570.25
219	563.54
220	574.14
221	573.17
222	580.04
223	577.08
224	583.03
225	585.03
226	590.08
227	590.08
228	599.33
229	605.61
230	596.22
231	599.33
232	602.46
233	611.99
234	615.22
235	615.22
236	620.65
237	622.84
238	611.99
239	615.22
240	609.85
241	632.85
242	629.49
243	633.98
244	633.98
245	628.37
246	619.56
247	641.94
248	641.94
249	646.56
250	645.40
251	652.40
252	655.95
253	653.58
254	654.76
255	660.71
254	657.13
253	653.58
252	653.58
251	652.40
250	648.89
249	645.40
248	643.09
247	633.98
246	638.51
245	638.51
244	635.11
243	633.98
242	627.26
241	626.15
240	625.05
239	606.67
238	615.22
237	601.41
236	617.38
235	613.06
234	610.92
233	611.99
232	602.46
231	590.08
230	597.25
229	587.04
228	600.37
227	589.06
226	587.04
225	587.04
224	583.03
223	583.03
222	581.04
221	578.07
220	576.10
219	571.22
218	571.22
217	569.29
216	550.46
215	556.01
214	556.01
213	557.88
212	547.72
211	555.08
210	545.90
209	544.09
208	525.58
207	539.60
206	536.93
205	542.28
204	529.91
203	535.16
202	526.44
201	523.87
200	515.42
199	521.31
198	511.26
197	517.09
196	518.77
195	511.26
194	508.80
193	506.35
192	503.91
191	494.34
190	499.09
189	489.65
188	488.88
187	479.72
186	491.21
185	474.49
184	478.96
183	470.80
182	481.23
181	473.01
180	475.97
179	460.69
178	471.53
177	467.15
176	461.40
175	459.27
174	455.76
173	460.69
172	440.06
171	449.52
170	438.73
169	448.83
168	430.24
167	438.73
166	425.76
165	439.39
164	427.67
163	429.59
162	421.97
161	420.10
160	423.23
159	414.55
158	418.24
157	404.93
156	414.55
155	401.99
154	407.90
153	389.97
152	404.93
151	390.53
150	399.08
149	387.74
148	388.85
147	378.46
146	388.86
145	381.16
144	383.88
143	373.67
142	370.53
141	376.32
140	368.45
139	367.94
138	355.85
137	366.39
136	354.38
135	357.33
134	346.67
133	352.91
132	341.98
131	350.01
130	337.37
129	343.38
128	332.41
127	336.92
126	331.07
125	328.86
124	326.67
123	316.86
122	324.50
121	313.54
120	318.95
119	309.46
118	313.95
117	301.92
116	307.05
115	299.59
114	303.88
113	295.38
112	298.82
111	289.78
110	293.50
109	284.33
108	288.68
107	277.28
106	280.77
105	272.82
104	275.89
103	267.15
102	270.80
101	262.60
100	264.86
99	257.53
98	257.53
97	252.29
96	249.57
95	250.47
94	244.55
93	247.49
92	240.53
91	241.67
90	235.20
89	233.83
88	230.04
87	226.34
86	224.78
85	221.44
84	221.70
83	216.94
82	213.76
81	211.84
80	206.67
79	208.53
78	201.89
77	205.52
76	197.92
75	199.45
74	192.79
73	192.79
72	186.82
71	185.62
70	183.44
69	179.19
68	179.19
67	174.15
66	172.69
65	168.77
64	166.17
63	165.48
62	160.95
61	160.78
60	155.79
59	154.54
58	150.10
57	147.58
56	145.54
55	142.42
54	141.17
53	136.83
52	136.83
51	131.40
50	130.28
49	126.25
48	124.24
47	122.51
46	118.35
45	117.92
44	113.24
43	109.88
42	108.50
41	104.95
40	103.83
39	99.77
38	98.03
37	94.74
36	91.84
35	89.73
34	87.09
33	84.19
32	81.28
31	78.43
30	76.45
29	73.32
28	71.10
27	68.19
26	65.27
25	62.74
24	60.01
23	57.68
22	54.88
21	52.15
20	49.85
19	46.96
18	44.21
17	41.48
16	38.95
15	36.37
14	33.80
13	31.20
12	28.74
11	26.25
10	23.98
9	21.43
8	18.96
7	16.46
6	14.12
5	11.81
4	9.58
3	7.42
2	5.37
1	3.45