0	0.00
1	0.09
2	0.36
3	0.70
4	1.05
5	1.39
6	1.74
7	2.09
8	2.44
9	2.82
10	3.17
11	3.56
12	3.93
13	4.30
14	4.65
15	5.03
16	5.39
17	5.77
18	6.17
19	6.55
20	6.96
21	7.35
22	7.74
23	8.09
24	8.51
25	8.90
26	9.34
27	9.72
28	10.09
29	10.47
30	10.88
31	11.27
32	11.64
33	12.09
34	12.48
35	12.82
36	13.22
37	13.62
38	14.07
39	14.38
40	14.83
41	15.24
42	15.67
43	15.97
44	16.34
45	16.71
46	17.28
47	17.59
48	17.91
49	18.40
50	18.78
51	19.17
52	19.43
53	19.89
54	20.45
55	20.76
56	21.14
57	21.55
58	21.87
59	22.11
60	22.88
61	23.19
62	23.45
63	23.82
64	24.22
65	24.56
66	25.09
67	25.60
68	25.86
69	26.12
70	26.49
71	27.03
72	27.36
73	27.75
74	28.29
75	28.58
76	28.79
77	29.31
78	29.66
79	29.87
80	30.38
81	30.97
82	31.17
83	31.56
84	31.96
85	32.34
86	32.71
87	33.01
88	33.80
89	34.02
90	34.16
91	34.37
92	34.90
93	35.45
94	36.03
95	36.35
96	36.50
97	36.75
98	37.39
99	37.77
100	38.35
101	38.59
102	38.67
103	39.02
104	39.84
105	40.26
106	40.41
107	40.75
108	40.80
109	41.44
110	42.33
111	42.21
112	42.66
113	42.66
114	43.56
115	44.18
116	44.63
117	44.47
118	44.54
119	45.45
120	46.04
121	46.52
122	46.21
123	46.21
124	47.24
125	47.97
126	48.29
127	48.04
128	48.36
129	49.12
130	49.71
131	50.15
132	49.93
133	50.53
134	50.83
135	51.84
136	51.99
137	51.56
138	51.96
139	53.07
140	53.31
141	54.22
142	53.80
143	54.13
144	54.09
145	55.57
146	55.48
147	56.30
148	55.52
149	56.30
150	56.48
151	57.72
152	57.81
153	58.08
154	57.99
155	58.77
156	59.52
157	59.89
158	60.28
159	59.75
160	60.18
161	61.29
162	61.68
163	62.03
164	61.93
165	61.88
166	62.68
167	63.91
168	63.70
169	64.64
170	63.65
171	64.85
172	65.11
173	65.49
174	66.40
175	65.43
176	66.51
177	66.90
178	67.62
179	67.73
180	67.95
181	68.46
182	69.09
183	69.38
184	69.79
185	69.79
186	69.38
187	70.85
188	71.21
189	71.69
190	71.99
191	71.15
192	73.04
193	72.79
194	73.16
195	73.79
196	74.10
197	73.85
198	75.13
199	75.06
200	75.45
201	75.06
202	74.87
203	76.23
204	77.23
205	77.10
206	77.97
207	76.43
208	78.52
209	78.38
210	79.28
211	79.00
212	79.42
213	79.14
214	80.76
215	80.33
216	81.48
217	80.40
218	81.40
219	82.28
220	82.79
221	83.01
222	83.39
223	83.01
224	84.06
225	84.29
226	84.59
227	85.20
228	84.52
229	85.67
230	85.82
231	86.13
232	86.92
233	86.21
234	86.60
235	88.12
236	87.79
237	89.01
238	88.52
239	89.58
240	89.34
241	90.33
242	90.00
243	90.83
244	89.75
245	91.59
246	91.25
247	92.19
248	91.93
249	92.62
250	92.28
251	93.41
252	94.02
253	94.20
254	94.55
255	94.37
254	94.55
253	94.29
252	93.67
251	93.32
250	93.32
249	92.45
248	92.45
247	91.59
246	91.76
245	91.51
244	90.92
243	90.83
242	90.50
241	90.16
240	89.75
239	89.67
238	88.60
237	88.20
236	88.68
235	87.71
234	86.37
233	86.76
232	86.52
231	86.21
230	85.90
229	85.05
228	85.13
227	84.82
226	84.36
225	84.06
224	83.09
223	82.64
222	83.09
221	82.79
220	82.72
219	81.48
218	81.12
217	81.26
216	80.47
215	80.76
214	79.07
213	79.42
212	79.14
211	79.42
210	79.21
209	78.73
208	77.64
207	77.43
206	77.43
205	76.90
204	76.96
203	74.80
202	76.23
201	75.26
200	75.00
199	74.68
198	73.22
197	73.29
196	73.60
195	73.16
194	73.04
193	72.05
192	71.57
191	71.75
190	71.57
189	71.21
188	70.37
187	69.85
186	70.20
185	69.85
184	69.50
183	68.52
182	67.23
181	68.29
180	67.56
179	67.67
178	66.90
177	65.65
176	66.57
175	65.86
174	65.92
173	64.74
172	64.17
171	63.96
170	64.38
169	63.70
168	62.98
167	62.08
166	62.08
165	62.13
164	61.98
163	61.68
162	60.47
161	59.94
160	60.47
159	60.08
158	59.80
157	59.10
156	58.17
155	58.27
154	57.99
153	57.95
152	56.87
151	56.52
150	55.74
149	56.43
148	55.91
147	55.87
146	54.34
145	54.26
144	54.01
143	54.34
142	53.68
141	53.35
140	52.15
139	52.59
138	52.15
137	52.19
136	51.18
135	50.49
134	50.12
133	50.38
132	50.30
131	49.37
130	48.97
129	48.25
128	48.54
127	48.18
126	47.51
125	46.89
124	46.38
123	46.65
122	46.04
121	45.71
120	45.09
119	44.63
118	44.79
117	44.15
116	43.90
115	42.97
114	42.82
113	42.88
112	42.36
111	41.74
110	41.44
109	40.66
108	41.12
107	40.55
106	39.73
105	39.54
104	38.91
103	39.05
102	38.89
101	37.85
100	37.51
99	37.05
98	37.36
97	36.75
96	36.23
95	35.62
94	35.23
93	34.88
92	34.69
91	34.53
90	33.98
89	33.35
88	32.82
87	32.64
86	32.45
85	32.26
84	31.52
83	31.01
82	30.78
81	30.40
80	29.99
79	29.79
78	29.45
77	28.96
76	28.38
75	28.22
74	27.81
73	27.24
72	27.02
71	26.79
70	26.29
69	25.76
68	25.53
67	25.01
66	24.60
65	24.36
64	24.13
63	23.64
62	23.12
61	22.76
60	22.36
59	21.98
58	21.68
57	21.23
56	20.86
55	20.43
54	20.09
53	19.68
52	19.18
51	19.00
50	18.64
49	18.16
48	17.82
47	17.32
46	17.03
45	16.69
44	16.25
43	15.88
42	15.49
41	15.03
40	14.66
39	14.39
38	13.96
37	13.49
36	13.13
35	12.74
34	12.42
33	11.97
32	11.64
31	11.27
30	10.83
29	10.45
28	10.08
27	9.68
26	9.29
25	8.96
24	8.59
23	8.18
22	7.79
21	7.38
20	7.03
19	6.66
18	6.28
17	5.91
16	5.56
15	5.17
14	4.80
13	4.43
12	4.06
11	3.67
10	3.32
9	2.96
8	2.63
7	2.27
6	1.95
5	1.60
4	1.28
3	0.99
2	0.68
1	0.41
STEP
0	0.00
1	0.20
2	0.52
3	0.84
4	1.15
5	1.48
6	1.81
7	2.14
8	2.49
9	2.82
10	3.20
11	3.52
12	3.87
13	4.22
14	4.58
15	4.93
16	5.29
17	5.65
18	6.04
19	6.43
20	6.79
21	7.13
22	7.45
23	7.86
24	8.22
25	8.59
26	8.94
27	9.32
28	9.73
29	10.09
30	10.42
31	10.79
32	11.16
33	11.51
34	11.86
35	12.29
36	12.72
37	12.99
38	13.34
39	13.71
40	14.12
41	14.48
42	14.86
43	15.24
44	15.61
45	15.88
46	16.23
47	16.77
48	17.02
49	17.33
50	17.78
51	18.14
52	18.47
53	18.73
54	19.39
55	19.69
56	19.94
57	20.30
58	20.52
59	21.01
60	21.48
61	21.95
62	22.22
63	22.50
64	22.80
65	23.17
66	23.49
67	23.97
68	24.45
69	24.74
70	25.10
71	25.31
72	25.66
73	25.98
74	26.63
75	27.11
76	27.05
77	27.44
78	27.75
79	28.27
80	28.77
81	29.25
82	29.35
83	29.54
84	29.86
85	30.35
86	30.69
87	31.20
88	31.75
89	31.75
90	32.11
91	32.41
92	32.80
93	32.91
94	33.84
95	34.23
96	34.41
97	34.50
98	34.85
99	35.64
100	35.93
101	36.60
102	36.27
103	36.62
104	37.33
105	37.69
106	38.35
107	38.03
108	38.32
109	39.04
110	39.40
111	39.59
112	39.92
113	39.98
114	40.80
115	41.41
116	41.35
117	41.64
118	42.03
119	42.57
120	43.18
121	43.34
122	43.34
123	43.65
124	44.22
125	44.92
126	45.02
127	45.05
128	45.32
129	46.22
130	46.52
131	46.73
132	46.79
133	46.97
134	48.19
135	48.26
136	48.70
137	48.37
138	48.91
139	49.24
140	50.25
141	50.40
142	50.36
143	50.25
144	51.32
145	52.02
146	52.38
147	52.34
148	52.34
149	52.82
150	53.26
151	53.96
152	53.71
153	53.88
154	53.80
155	55.27
156	55.61
157	56.05
158	55.66
159	55.83
160	57.06
161	57.33
162	57.60
163	57.60
164	57.51
165	58.15
166	59.31
167	59.36
168	60.12
169	59.07
170	60.21
171	60.45
172	61.33
173	61.28
174	61.63
175	60.99
176	62.53
177	62.43
178	63.14
179	62.73
180	62.99
181	63.30
182	64.50
183	64.39
184	65.19
185	64.02
186	65.35
187	66.16
188	66.60
189	66.71
190	66.54
191	66.99
192	68.28
193	68.17
194	68.46
195	68.06
196	68.51
197	69.26
198	69.73
199	70.56
200	69.79
201	70.50
202	70.86
203	71.22
204	72.08
205	71.47
206	72.02
207	72.51
208	73.32
209	73.20
210	74.09
211	72.70
212	74.47
213	74.92
214	75.18
215	75.58
216	74.09
217	75.97
218	75.91
219	76.77
220	77.18
221	76.71
222	77.72
223	77.86
224	78.34
225	78.55
226	78.34
227	79.32
228	79.60
229	79.81
230	80.10
231	79.81
232	80.53
233	81.25
234	82.05
235	81.54
236	82.42
237	81.61
238	83.32
239	82.87
240	83.85
241	83.32
242	84.39
243	84.01
244	85.00
245	84.54
246	85.39
247	85.79
248	86.26
249	86.50
250	86.74
251	86.97
252	87.54
253	87.38
254	87.94
255	88.27
254	87.94
253	87.54
252	86.82
251	86.98
250	86.02
249	86.42
248	85.39
247	85.79
246	85.47
245	85.08
244	84.77
243	84.77
242	84.23
241	83.10
240	83.62
239	82.87
238	83.02
237	81.47
236	81.98
235	81.32
234	81.18
233	81.54
232	80.03
231	80.89
230	80.10
229	79.81
228	79.39
227	78.55
226	78.00
225	78.48
224	78.20
223	77.86
222	76.91
221	76.64
220	76.91
219	76.77
218	76.24
217	75.38
216	74.54
215	75.25
214	74.54
213	74.73
212	74.09
211	73.58
210	73.83
209	72.88
208	73.20
207	71.65
206	71.96
205	72.08
204	71.35
203	71.53
202	70.21
201	70.32
200	69.85
199	69.79
198	69.97
197	68.74
196	68.28
195	68.46
194	68.23
193	68.46
192	67.10
191	66.71
190	66.99
189	66.54
188	65.89
187	65.46
186	65.03
185	65.19
184	64.92
183	64.60
182	63.71
181	63.04
180	63.66
179	63.25
178	62.63
177	62.78
176	61.14
175	61.68
174	61.33
173	61.28
172	60.65
171	60.36
170	59.12
169	60.02
168	59.36
167	59.36
166	58.33
165	57.60
164	57.51
163	57.69
162	57.42
161	56.71
160	55.92
159	56.00
158	55.96
157	55.70
156	55.40
155	54.34
154	53.67
153	54.46
152	53.71
151	53.76
150	52.42
149	52.34
148	52.02
147	52.46
146	51.78
145	51.39
144	50.40
143	50.63
142	50.40
141	50.47
140	49.50
139	49.02
138	48.41
137	48.70
136	48.44
135	47.77
134	47.17
133	46.83
132	47.28
131	46.66
130	46.05
129	45.45
128	45.09
127	45.02
126	44.96
125	44.15
124	43.77
123	43.46
122	43.24
121	43.21
120	42.45
119	42.15
118	41.79
117	41.38
116	41.64
115	41.00
114	40.15
113	40.01
112	39.89
111	39.59
110	39.31
109	38.48
108	38.11
107	38.43
106	37.82
105	37.13
104	36.92
103	36.35
102	36.45
101	36.35
100	35.35
99	35.07
98	34.64
97	34.50
96	34.43
95	33.82
94	33.33
93	33.04
92	32.58
91	32.39
90	32.15
89	31.77
88	31.22
87	30.89
86	30.57
85	29.96
84	30.12
83	29.80
82	29.35
81	28.65
80	28.31
79	27.91
78	27.88
77	27.54
76	27.05
75	26.60
74	26.23
73	26.03
72	25.63
71	25.26
70	25.10
69	24.64
68	24.12
67	23.91
66	23.41
65	22.99
64	22.76
63	22.55
62	22.13
61	21.66
60	21.31
59	20.90
58	20.55
57	20.19
56	19.95
55	19.49
54	19.11
53	18.78
52	18.31
51	18.13
50	17.84
49	17.34
48	16.90
47	16.63
46	16.25
45	15.80
44	15.51
43	15.23
42	14.83
41	14.38
40	14.02
39	13.70
38	13.35
37	12.99
36	12.65
35	12.22
34	11.86
33	11.51
32	11.19
31	10.83
30	10.42
29	10.01
28	9.70
27	9.33
26	8.97
25	8.65
24	8.29
23	7.88
22	7.48
21	7.16
20	6.81
19	6.45
18	6.08
17	5.72
16	5.39
15	5.04
14	4.66
13	4.31
12	3.96
11	3.61
10	3.26
9	2.92
8	2.56
7	2.24
6	1.90
5	1.58
4	1.26
3	0.98
2	0.68
1	0.41
STEP
0	0.00
1	0.20
2	0.53
3	0.83
4	1.14
5	1.46
6	1.79
7	2.10
8	2.46
9	2.76
10	3.14
11	3.43
12	3.77
13	4.12
14	4.48
15	4.82
16	5.16
17	5.48
18	5.89
19	6.23
20	6.54
21	6.90
22	7.24
23	7.56
24	7.94
25	8.30
26	8.63
27	9.02
28	9.36
29	9.67
30	10.02
31	10.39
32	10.73
33	11.05
34	11.44
35	11.79
36	12.09
37	12.50
38	12.79
39	13.14
40	13.46
41	13.95
42	14.16
43	14.53
44	14.92
45	15.21
46	15.50
47	16.11
48	16.39
49	16.56
50	16.90
51	17.32
52	17.65
53	18.08
54	18.34
55	18.62
56	19.05
57	19.38
58	19.70
59	19.93
60	20.56
61	20.85
62	21.09
63	21.41
64	21.71
65	22.03
66	22.51
67	22.96
68	23.22
69	23.40
70	23.87
71	24.07
72	24.36
73	24.81
74	25.30
75	25.65
76	25.86
77	26.04
78	26.40
79	26.66
80	27.42
81	27.75
82	27.96
83	28.16
84	28.45
85	28.45
86	28.87
87	29.64
88	30.01
89	30.26
90	30.36
91	30.50
92	31.02
93	31.45
94	31.99
95	32.33
96	32.52
97	32.58
98	32.93
99	33.24
100	34.14
101	34.27
102	34.25
103	34.53
104	34.81
105	35.64
106	36.15
107	35.83
108	36.15
109	36.82
110	37.23
111	37.30
112	37.64
113	37.72
114	38.40
115	38.99
116	39.37
117	39.23
118	39.56
119	40.04
120	40.63
121	40.49
122	40.83
123	41.06
124	41.62
125	42.27
126	42.30
127	42.36
128	42.64
129	43.44
130	43.81
131	44.39
132	43.91
133	44.19
134	44.77
135	45.36
136	46.00
137	45.46
138	45.90
139	46.33
140	47.12
141	47.30
142	47.54
143	47.16
144	48.11
145	48.72
146	49.16
147	49.20
148	48.76
149	49.61
150	50.06
151	50.55
152	50.40
153	50.62
154	50.51
155	51.87
156	52.07
157	52.47
158	52.15
159	52.43
160	53.73
161	53.61
162	54.36
163	53.94
164	53.85
165	54.57
166	55.29
167	55.51
168	55.51
169	55.47
170	56.03
171	56.70
172	57.42
173	57.37
174	57.55
175	57.05
176	58.52
177	58.66
178	59.18
179	58.80
180	58.94
181	59.18
182	60.47
183	60.33
184	61.01
185	60.57
186	61.06
187	61.86
188	62.26
189	62.41
190	62.36
191	62.16
192	63.39
193	63.60
194	63.81
195	64.39
196	63.55
197	64.18
198	64.92
199	65.41
200	65.79
201	65.96
202	65.79
203	67.01
204	66.84
205	67.80
206	67.01
207	67.69
208	67.86
209	68.78
210	68.90
211	69.37
212	69.19
213	69.43
214	70.20
215	70.50
216	70.80
217	70.56
218	70.92
219	71.54
220	72.09
221	72.34
222	71.78
223	73.03
224	72.97
225	73.22
226	73.67
227	73.29
228	74.06
229	74.51
230	74.77
231	75.03
232	74.64
233	75.70
234	75.90
235	76.17
236	77.05
237	76.03
238	76.84
239	77.87
240	77.46
241	78.50
242	78.57
243	77.80
244	79.06
245	78.85
246	79.70
247	79.56
248	80.28
249	80.57
250	80.86
251	81.08
252	81.30
253	81.75
254	81.90
255	82.34
254	81.97
253	81.60
252	81.45
251	80.57
250	80.94
249	80.64
248	80.35
247	79.92
246	78.99
245	79.35
244	78.50
243	79.06
242	78.57
241	77.94
240	78.01
239	77.32
238	77.59
237	75.96
236	76.91
235	76.10
234	75.76
233	75.50
232	74.64
231	74.51
230	74.84
229	74.38
228	74.12
227	74.45
226	72.97
225	73.35
224	73.03
223	72.59
222	72.03
221	71.72
220	71.91
219	71.11
218	71.17
217	70.68
216	70.20
215	70.50
214	70.02
213	69.43
212	69.07
211	68.32
210	69.02
209	68.15
208	68.38
207	67.57
206	66.90
205	67.46
204	66.73
203	66.45
202	66.12
201	65.30
200	66.01
199	65.30
198	65.52
197	64.18
196	63.86
195	64.07
194	63.91
193	63.39
192	62.77
191	62.11
190	62.57
189	62.26
188	62.01
187	61.81
186	60.62
185	60.81
184	60.72
183	60.62
182	60.33
181	58.80
180	59.13
179	58.85
178	59.03
177	58.43
176	58.01
175	57.01
174	57.78
173	57.28
172	57.28
171	56.39
170	55.51
169	55.60
168	55.90
167	55.42
166	55.47
165	54.15
164	54.44
163	54.10
162	54.15
161	53.56
160	52.95
159	52.23
158	52.55
157	52.27
156	52.03
155	51.40
154	50.78
153	50.74
152	50.43
151	50.43
150	49.61
149	49.20
148	48.65
147	49.27
146	48.61
145	48.65
144	47.40
143	47.47
142	47.33
141	47.09
140	47.12
139	45.93
138	45.79
137	45.59
136	45.90
135	45.30
134	44.97
133	44.00
132	44.03
131	43.94
130	43.59
129	43.10
128	42.57
127	42.39
126	42.39
125	42.03
124	41.12
123	40.92
122	40.86
121	40.54
120	40.52
119	39.76
118	39.15
117	39.23
116	39.26
115	38.45
114	37.92
113	37.74
112	37.46
111	37.61
110	37.05
109	36.35
108	36.15
107	36.08
106	35.78
105	35.47
104	34.69
103	34.39
102	34.64
101	34.20
100	33.46
99	33.17
98	32.80
97	32.63
96	32.50
95	32.09
94	31.59
93	31.20
92	30.70
91	30.66
90	30.54
89	30.20
88	29.47
87	29.28
86	28.94
85	28.65
84	28.43
83	28.10
82	27.68
81	27.35
80	26.99
79	26.68
78	26.20
77	26.00
76	25.81
75	25.49
74	25.05
73	24.59
72	24.30
71	23.88
70	23.91
69	23.39
68	22.95
67	22.60
66	22.25
65	21.92
64	21.58
63	21.45
62	21.02
61	20.61
60	20.29
59	19.94
58	19.50
57	19.35
56	19.10
55	18.61
54	18.17
53	17.92
52	17.57
51	17.22
50	16.89
49	16.57
48	16.23
47	15.83
46	15.49
45	15.20
44	14.94
43	14.52
42	14.15
41	13.85
40	13.44
39	13.10
38	12.75
37	12.48
36	12.09
35	11.74
34	11.45
33	11.06
32	10.71
31	10.41
30	10.02
29	9.68
28	9.35
27	9.00
26	8.64
25	8.26
24	7.92
23	7.66
22	7.31
21	6.94
20	6.58
19	6.21
18	5.88
17	5.53
16	5.19
15	4.85
14	4.52
13	4.17
12	3.84
11	3.50
10	3.17
9	2.85
8	2.52
7	2.19
6	1.88
5	1.56
4	1.25
3	0.98
2	0.69
1	0.41
STEP
0	0.00
1	0.20
2	0.53
3	0.83
4	1.15
5	1.44
6	1.75
7	2.08
8	2.39
9	2.71
10	3.03
11	3.36
12	3.68
13	4.06
14	4.37
15	4.70
16	5.03
17	5.36
18	5.69
19	6.02
20	6.37
21	6.67
22	6.98
23	7.34
24	7.68
25	8.01
26	8.33
27	8.66
28	8.99
29	9.32
30	9.70
31	10.05
32	10.32
33	10.69
34	10.97
35	11.30
36	11.62
37	12.05
38	12.28
39	12.62
40	13.00
41	13.27
42	13.58
43	14.01
44	14.37
45	14.57
46	14.88
47	15.27
48	15.59
49	15.98
50	16.25
51	16.49
52	16.90
53	17.22
54	17.52
55	17.92
56	18.33
57	18.58
58	18.83
59	19.05
60	19.46
61	19.72
62	20.17
63	20.58
64	20.84
65	21.02
66	21.33
67	21.64
68	21.92
69	22.48
70	22.93
71	22.92
72	23.24
73	23.51
74	23.94
75	24.37
76	24.68
77	24.91
78	25.21
79	25.49
80	25.79
81	25.99
82	26.54
83	27.00
84	27.22
85	27.39
86	27.57
87	27.95
88	28.35
89	28.88
90	29.19
91	29.06
92	29.48
93	29.80
94	30.03
95	30.52
96	31.04
97	31.14
98	31.31
99	31.64
100	32.03
101	32.35
102	32.91
103	33.24
104	33.13
105	33.37
106	34.27
107	34.46
108	34.74
109	34.83
110	34.83
111	35.74
112	36.10
113	35.81
114	36.30
115	36.75
116	37.05
117	37.61
118	37.51
119	37.54
120	38.19
121	38.75
122	38.64
123	38.97
124	39.24
125	39.73
126	40.30
127	40.38
128	40.41
129	40.64
130	41.48
131	41.78
132	41.92
133	42.01
134	42.10
135	42.89
136	43.20
137	43.30
138	43.30
139	43.80
140	44.05
141	44.96
142	44.99
143	45.26
144	45.02
145	45.75
146	46.13
147	46.67
148	46.43
149	46.71
150	47.26
151	47.79
152	48.11
153	48.44
154	48.15
155	48.33
156	49.25
157	49.58
158	49.92
159	49.88
160	49.73
161	50.68
162	51.03
163	51.30
164	51.26
165	51.18
166	51.81
167	52.70
168	52.70
169	53.39
170	52.62
171	53.44
172	53.81
173	54.40
174	54.31
175	54.61
176	54.06
177	55.61
178	55.43
179	56.05
180	55.65
181	56.00
182	56.18
183	57.21
184	57.12
185	57.81
186	57.26
187	57.85
188	58.60
189	58.93
190	59.12
191	59.12
192	58.83
193	59.94
194	60.28
195	60.47
196	60.92
197	60.13
198	60.92
199	61.67
200	61.82
201	62.07
202	62.02
203	62.59
204	62.95
205	63.73
206	63.57
207	64.26
208	63.10
209	64.59
210	64.53
211	65.29
212	65.18
213	65.35
214	65.79
215	66.29
216	66.57
217	66.90
218	66.62
219	66.51
220	67.59
221	67.99
222	68.22
223	68.17
224	68.57
225	68.87
226	69.22
227	69.52
228	69.28
229	69.94
230	70.30
231	71.04
232	70.97
233	71.59
234	70.67
235	71.53
236	72.41
237	72.22
238	72.85
239	72.03
240	73.30
241	72.98
242	74.15
243	74.15
244	74.41
245	74.61
246	74.87
247	75.20
248	75.47
249	75.61
250	75.40
251	76.15
252	76.56
253	76.76
254	76.83
255	77.18
254	76.90
253	76.76
252	76.28
251	76.22
250	75.34
249	75.54
248	75.41
247	75.07
246	74.87
245	74.61
244	74.28
243	73.63
242	73.76
241	72.60
240	73.30
239	72.98
238	72.16
237	72.41
236	71.35
235	71.97
234	71.16
233	70.91
232	70.55
231	69.76
230	70.61
229	69.94
228	69.70
227	69.40
226	68.69
225	68.87
224	68.52
223	68.34
222	67.99
221	67.36
220	67.02
219	67.19
218	67.07
217	66.85
216	65.90
215	65.24
214	65.95
213	65.29
212	65.51
211	64.75
210	63.94
209	64.69
208	63.89
207	64.10
206	62.95
205	62.53
204	62.74
203	62.53
202	62.64
201	61.52
200	61.62
199	61.57
198	61.17
197	61.02
196	60.72
195	59.69
194	59.74
193	59.74
192	59.36
191	59.26
190	58.60
189	58.22
188	58.41
187	58.18
186	57.90
185	57.26
184	56.09
183	57.12
182	56.45
181	56.40
180	55.47
179	55.26
178	54.91
177	55.43
176	54.78
175	54.83
174	53.44
173	53.77
172	53.68
171	53.73
170	53.02
169	52.05
168	51.73
167	52.21
166	51.89
165	51.73
164	51.03
163	50.41
162	50.49
161	50.49
160	50.26
159	49.69
158	49.02
157	49.10
156	49.10
155	48.84
154	47.94
153	47.69
152	47.09
151	47.69
150	47.09
149	47.12
148	45.96
147	45.92
146	45.69
145	45.89
144	45.45
143	45.02
142	44.28
141	44.47
140	44.21
139	44.21
138	43.42
137	43.11
136	42.59
135	42.71
134	42.47
133	41.98
132	41.63
131	41.07
130	41.30
129	41.04
128	40.44
127	39.93
126	39.65
125	39.79
124	39.32
123	39.10
122	38.51
121	38.38
120	38.32
119	38.08
118	37.15
117	37.05
116	36.97
115	36.62
114	36.55
113	35.79
112	35.38
111	35.42
110	35.14
109	34.67
108	34.39
107	33.89
106	33.73
105	33.82
104	33.39
103	32.69
102	32.33
101	32.27
100	32.16
99	31.72
98	31.22
97	30.90
96	30.54
95	30.40
94	30.30
93	29.82
92	29.38
91	29.08
90	28.62
89	28.56
88	28.44
87	28.17
86	27.43
85	27.26
84	26.93
83	26.63
82	26.30
81	26.20
80	25.73
79	25.44
78	25.11
77	24.67
76	24.32
75	24.40
74	23.89
73	23.49
72	23.14
71	22.95
70	22.49
69	22.33
68	22.10
67	21.69
66	21.28
65	20.97
64	20.67
63	20.28
62	20.09
61	19.87
60	19.40
59	19.09
58	18.79
57	18.45
56	18.11
55	17.89
54	17.55
53	17.17
52	16.77
51	16.54
50	16.22
49	15.94
48	15.58
47	15.21
46	14.95
45	14.53
44	14.22
43	14.03
42	13.76
41	13.26
40	13.00
39	12.62
38	12.27
37	11.93
36	11.68
35	11.33
34	11.00
33	10.66
32	10.34
31	10.01
30	9.72
29	9.40
28	9.03
27	8.71
26	8.39
25	8.05
24	7.71
23	7.35
22	7.05
21	6.75
20	6.42
19	6.08
18	5.72
17	5.39
16	5.06
15	4.74
14	4.41
13	4.08
12	3.76
11	3.44
10	3.12
9	2.80
8	2.48
7	2.16
6	1.86
5	1.55
4	1.25
3	0.96
2	0.69
1	0.42
STEP
0	0.00
1	0.20
2	0.53
3	0.83
4	1.14
5	1.43
6	1.74
7	2.06
8	2.35
9	2.68
10	2.98
11	3.30
12	3.61
13	3.94
14	4.29
15	4.61
16	4.90
17	5.22
18	5.54
19	5.85
20	6.17
21	6.50
22	6.76
23	7.09
24	7.48
25	7.77
26	8.08
27	8.40
28	8.72
29	9.03
30	9.34
31	9.63
32	10.00
33	10.33
34	10.65
35	10.90
36	11.23
37	11.52
38	11.87
39	12.20
40	12.46
41	12.78
42	13.08
43	13.37
44	13.81
45	14.06
46	14.31
47	14.68
48	14.99
49	15.22
50	15.50
51	15.97
52	16.29
53	16.51
54	16.81
55	17.03
56	17.40
57	17.77
58	18.19
59	18.24
60	18.65
61	18.91
62	19.21
63	19.48
64	19.97
65	20.21
66	20.43
67	20.73
68	21.11
69	21.27
70	21.67
71	22.08
72	22.29
73	22.49
74	22.90
75	23.04
76	23.32
77	23.74
78	24.29
79	24.35
80	24.49
81	24.78
82	25.19
83	25.60
84	26.05
85	26.08
86	26.23
87	26.61
88	26.94
89	27.23
90	27.77
91	28.07
92	28.23
93	28.41
94	28.64
95	28.90
96	29.37
97	29.79
98	30.13
99	30.08
100	30.35
101	30.82
102	31.03
103	31.66
104	31.64
105	31.76
106	32.01
107	32.42
108	33.15
109	33.20
110	33.18
111	33.62
112	34.23
113	34.32
114	34.69
115	34.69
116	34.79
117	35.64
118	35.96
119	35.67
120	36.11
121	36.53
122	36.80
123	37.39
124	37.21
125	37.24
126	37.94
127	38.47
128	38.76
129	38.49
130	38.81
131	39.28
132	39.86
133	40.14
134	39.92
135	40.17
136	41.21
137	41.23
138	41.77
139	41.29
140	41.68
141	42.07
142	42.80
143	42.80
144	43.14
145	42.86
146	43.58
147	43.83
148	44.44
149	44.12
150	44.37
151	44.41
152	45.39
153	45.46
154	46.07
155	45.46
156	45.93
157	46.86
158	47.10
159	47.45
160	47.35
161	47.21
162	47.92
163	48.53
164	48.64
165	48.72
166	48.53
167	49.12
168	49.95
169	50.06
170	50.56
171	49.87
172	50.68
173	51.03
174	51.62
175	51.54
176	51.82
177	51.34
178	52.63
179	52.55
180	53.16
181	52.75
182	53.08
183	53.20
184	54.08
185	54.47
186	54.68
187	54.21
188	54.73
189	55.55
190	55.68
191	56.04
192	56.00
193	55.68
194	56.80
195	57.08
196	57.31
197	57.54
198	57.08
199	57.44
200	58.61
201	58.47
202	59.19
203	58.61
204	59.24
205	59.57
206	60.06
207	60.01
208	60.80
209	59.62
210	61.10
211	61.16
212	61.76
213	61.51
214	61.81
215	61.61
216	62.69
217	63.11
218	63.16
219	63.43
220	63.22
221	63.91
222	64.28
223	64.50
224	64.77
225	64.56
226	65.16
227	65.43
228	66.10
229	65.82
230	66.73
231	66.33
232	66.44
233	67.36
234	67.01
235	67.59
236	67.59
237	68.23
238	68.00
239	68.64
240	68.05
241	69.24
242	69.42
243	69.72
244	69.90
245	69.06
246	70.39
247	70.09
248	70.76
249	71.14
250	71.33
251	71.64
252	71.89
253	72.15
254	72.34
255	72.47
254	72.34
253	72.08
252	71.89
251	71.01
250	71.26
249	71.14
248	70.27
247	70.52
246	70.52
245	70.09
244	69.84
243	69.06
242	69.48
241	68.76
240	68.82
239	68.23
238	67.70
237	68.05
236	67.41
235	67.70
234	66.50
233	66.78
232	67.07
231	66.33
230	66.44
229	65.27
228	65.60
227	65.27
226	64.99
225	64.77
224	64.18
223	64.28
222	64.23
221	63.85
220	63.64
219	62.95
218	62.69
217	62.69
216	62.17
215	62.28
214	60.75
213	61.87
212	61.21
211	61.26
210	60.70
209	60.31
208	59.72
207	60.36
206	59.62
205	59.87
204	58.76
203	58.80
202	58.52
201	58.71
200	58.14
199	57.54
198	56.80
197	57.35
196	57.17
195	56.90
194	56.62
193	55.55
192	55.73
191	55.95
190	55.68
189	55.38
188	54.73
187	54.30
186	54.64
185	54.38
184	54.13
183	53.45
182	52.51
181	53.25
180	52.71
179	52.87
178	51.82
177	51.50
176	51.42
175	51.70
174	51.15
173	51.26
172	50.06
171	50.25
170	50.10
169	49.87
168	49.65
167	48.72
166	48.39
165	48.79
164	48.53
163	48.32
162	47.70
161	47.14
160	47.45
159	47.24
158	47.00
157	46.44
156	45.80
155	45.80
154	45.86
153	45.73
152	45.09
151	44.47
150	44.54
149	44.54
148	44.05
147	44.02
146	43.01
145	42.86
144	42.61
143	42.98
142	42.49
141	42.22
140	41.38
139	41.32
138	41.32
137	41.03
136	40.57
135	40.03
134	40.17
133	39.97
132	39.69
131	39.22
130	38.76
129	38.65
128	38.63
127	38.31
126	37.60
125	37.31
124	37.21
123	37.18
122	36.98
121	36.30
120	35.94
119	35.72
118	35.81
117	35.33
116	34.72
115	34.56
114	34.60
113	34.21
112	33.85
111	33.46
110	32.98
109	33.09
108	33.07
107	32.23
106	31.91
105	31.58
104	31.66
103	31.60
102	30.80
101	30.55
100	30.19
99	30.25
98	30.04
97	29.54
96	29.26
95	28.81
94	28.52
93	28.37
92	28.26
91	27.82
90	27.39
89	27.09
88	26.67
87	26.64
86	26.51
85	26.23
84	25.55
83	25.41
82	25.11
81	24.81
80	24.50
79	24.35
78	24.10
77	23.68
76	23.27
75	22.99
74	22.92
73	22.71
72	22.21
71	21.85
70	21.54
69	21.22
68	21.03
67	20.73
66	20.53
65	20.15
64	19.76
63	19.46
62	19.14
61	18.84
60	18.64
59	18.37
58	18.00
57	17.69
56	17.37
55	17.04
54	16.83
53	16.64
52	16.10
51	15.87
50	15.57
49	15.25
48	14.94
47	14.64
46	14.35
45	14.06
44	13.68
43	13.37
42	13.12
41	12.80
40	12.50
39	12.16
38	11.85
37	11.52
36	11.21
35	10.95
34	10.64
33	10.34
32	10.00
31	9.68
30	9.35
29	9.04
28	8.77
27	8.46
26	8.11
25	7.80
24	7.49
23	7.14
22	6.86
21	6.54
20	6.22
19	5.93
18	5.62
17	5.28
16	4.96
15	4.65
14	4.34
13	4.02
12	3.70
11	3.41
10	3.09
9	2.76
8	2.44
7	2.15
6	1.83
5	1.53
4	1.24
3	0.96
2	0.69
1	0.42
STEP
0	0.00
1	0.21
2	0.54
3	0.84
4	1.15
5	1.42
6	1.72
7	2.03
8	2.32
9	2.64
10	2.93
11	3.24
12	3.56
13	3.87
14	4.18
15	4.50
16	4.81
17	5.09
18	5.41
19	5.71
20	6.00
21	6.31
22	6.58
23	6.92
24	7.26
25	7.58
26	7.84
27	8.11
28	8.44
29	8.75
30	9.05
31	9.34
32	9.62
33	9.97
34	10.27
35	10.53
36	10.83
37	11.18
38	11.42
39	11.69
40	12.06
41	12.41
42	12.59
43	12.89
44	13.25
45	13.51
46	13.81
47	14.12
48	14.43
49	14.70
50	14.93
51	15.19
52	15.64
53	15.98
54	16.20
55	16.43
56	16.60
57	17.02
58	17.27
59	17.65
60	17.95
61	18.15
62	18.43
63	18.71
64	18.95
65	19.31
66	19.72
67	19.94
68	20.12
69	20.38
70	20.69
71	20.90
72	21.26
73	21.81
74	21.99
75	22.03
76	22.32
77	22.59
78	23.05
79	23.34
80	23.52
81	23.82
82	24.07
83	24.32
84	24.61
85	24.83
86	25.45
87	25.58
88	25.69
89	25.86
90	26.22
91	26.58
92	27.02
93	27.31
94	27.36
95	27.62
96	27.84
97	28.06
98	28.80
99	28.94
100	29.07
101	29.17
102	29.41
103	29.85
104	30.43
105	30.41
106	30.63
107	30.73
108	31.15
109	31.81
110	31.73
111	31.96
112	32.08
113	32.59
114	32.94
115	33.47
116	33.25
117	33.56
118	33.74
119	34.42
120	34.51
121	34.38
122	34.79
123	35.41
124	35.51
125	35.82
126	35.90
127	36.29
128	36.71
129	37.02
130	37.02
131	37.15
132	37.71
133	38.00
134	38.62
135	38.35
136	38.40
137	38.99
138	39.35
139	39.82
140	39.66
141	39.85
142	39.88
143	40.82
144	40.88
145	41.44
146	40.91
147	41.35
148	41.83
149	42.37
150	42.40
151	42.55
152	42.28
153	43.11
154	43.52
155	43.90
156	43.87
157	43.84
158	44.29
159	44.81
160	45.08
161	45.38
162	45.11
163	45.28
164	46.02
165	46.36
166	46.61
167	46.82
168	46.50
169	47.56
170	47.52
171	48.03
172	47.70
173	47.63
174	48.72
175	48.83
176	49.32
177	49.62
178	49.09
179	49.66
180	50.27
181	50.54
182	50.81
183	50.70
184	50.85
185	51.57
186	51.69
187	51.93
188	51.85
189	51.77
190	52.70
191	52.95
192	53.12
193	53.28
194	52.83
195	53.49
196	54.13
197	54.17
198	54.56
199	54.52
200	54.52
201	55.17
202	55.52
203	55.75
204	56.38
205	55.39
206	56.83
207	56.65
208	57.25
209	57.15
210	57.25
211	57.53
212	58.37
213	58.09
214	58.76
215	58.09
216	58.71
217	59.00
218	59.58
219	59.48
220	60.07
221	59.88
222	60.37
223	60.77
224	61.08
225	61.18
226	61.03
227	61.18
228	61.79
229	62.05
230	62.31
231	62.52
232	62.26
233	63.05
234	63.58
235	63.53
236	64.07
237	63.37
238	64.62
239	64.29
240	64.95
241	64.73
242	65.39
243	65.51
244	65.79
245	66.07
246	66.36
247	66.36
248	65.67
249	66.93
250	67.16
251	67.40
252	67.63
253	67.22
254	68.16
255	68.34
254	68.04
253	67.75
252	67.63
251	67.34
250	67.28
249	66.87
248	66.58
247	66.36
246	65.84
245	65.90
244	65.28
243	65.51
242	64.40
241	65.23
240	64.40
239	64.62
238	63.91
237	63.37
236	63.53
235	63.37
234	63.10
233	62.94
232	62.26
231	62.52
230	62.16
229	61.84
228	61.84
227	61.13
226	60.92
225	61.08
224	60.98
223	60.72
222	60.37
221	59.78
220	59.97
219	59.68
218	59.05
217	59.14
216	57.85
215	58.90
214	58.23
213	58.28
212	57.85
211	57.39
210	56.83
209	57.34
208	56.74
207	57.02
206	55.97
205	56.06
204	55.93
203	56.02
202	55.35
201	55.44
200	54.13
199	54.65
198	54.43
197	54.22
196	53.87
195	52.91
194	53.16
193	53.41
192	53.08
191	52.91
190	52.13
189	51.89
188	52.13
187	51.85
186	51.61
185	51.01
184	50.19
183	50.85
182	50.35
181	50.42
180	49.58
179	49.20
178	48.94
177	49.39
176	48.83
175	48.87
174	47.81
173	48.10
172	47.88
171	47.92
170	47.49
169	46.57
168	46.26
167	46.71
166	46.71
165	46.29
164	45.95
163	45.14
162	45.71
161	45.24
160	44.91
159	44.52
158	43.90
157	43.84
156	43.94
155	43.81
154	43.30
153	42.65
152	42.59
151	42.37
150	42.46
149	41.80
148	41.50
147	40.94
146	41.47
145	40.94
144	41.00
143	39.97
142	39.94
141	39.74
140	39.94
139	39.43
138	38.99
137	38.48
136	38.45
135	38.64
134	38.24
133	37.58
132	37.27
131	37.20
130	37.12
129	36.89
128	36.24
127	35.92
126	35.90
125	35.90
124	35.65
123	34.96
122	34.68
121	34.61
120	34.58
119	34.10
118	33.54
117	33.34
116	33.49
115	33.11
114	32.49
113	32.36
112	32.27
111	32.04
110	31.98
109	31.19
108	31.05
107	30.57
106	30.71
105	30.63
104	29.89
103	29.60
102	29.32
101	29.35
100	29.11
99	28.52
98	28.27
97	27.97
96	27.86
95	27.70
94	27.36
93	26.97
92	26.66
91	26.42
90	26.24
89	26.11
88	25.85
87	25.34
86	24.99
85	24.80
84	24.50
83	24.34
82	24.09
81	23.71
80	23.47
79	23.21
78	22.78
77	22.47
76	22.54
75	22.30
74	21.71
73	21.44
72	21.14
71	20.86
70	20.68
69	20.52
68	20.15
67	19.78
66	19.49
65	19.20
64	18.90
63	18.72
62	18.47
61	18.09
60	17.83
59	17.52
58	17.14
57	17.03
56	16.83
55	16.32
54	16.12
53	15.82
52	15.53
51	15.23
50	14.95
49	14.67
48	14.40
47	14.12
46	13.75
45	13.45
44	13.29
43	13.06
42	12.59
41	12.31
40	12.06
39	11.72
38	11.43
37	11.27
36	10.86
35	10.54
34	10.26
33	10.00
32	9.65
31	9.39
30	9.10
29	8.77
28	8.47
27	8.18
26	7.83
25	7.57
24	7.27
23	6.96
22	6.69
21	6.39
20	6.07
19	5.73
18	5.44
17	5.15
16	4.84
15	4.52
14	4.21
13	3.91
12	3.61
11	3.33
10	3.03
9	2.72
8	2.40
7	2.12
6	1.81
5	1.52
4	1.23
3	0.95
2	0.69
1	0.42
STEP
0	0.00
1	0.21
2	0.53
3	0.83
4	1.12
5	1.41
6	1.70
7	2.00
8	2.29
9	2.60
10	2.88
11	3.18
12	3.49
13	3.81
14	4.11
15	4.38
16	4.68
17	4.97
18	5.26
19	5.56
20	5.85
21	6.11
22	6.40
23	6.77
24	7.03
25	7.32
26	7.61
27	7.91
28	8.19
29	8.48
30	8.75
31	9.08
32	9.37
33	9.63
34	9.90
35	10.19
36	10.48
37	10.75
38	11.07
39	11.36
40	11.59
41	11.94
42	12.15
43	12.42
44	12.81
45	13.03
46	13.28
47	13.60
48	13.87
49	14.09
50	14.33
51	14.83
52	15.03
53	15.23
54	15.52
55	15.79
56	15.97
57	16.40
58	16.74
59	16.94
60	17.15
61	17.43
62	17.67
63	17.94
64	18.29
65	18.74
66	18.74
67	19.00
68	19.26
69	19.52
70	19.98
71	20.23
72	20.44
73	20.59
74	20.96
75	21.21
76	21.34
77	21.69
78	22.10
79	22.37
80	22.54
81	22.74
82	22.89
83	23.12
84	23.72
85	24.03
86	24.20
87	24.20
88	24.59
89	24.75
90	25.16
91	25.55
92	25.70
93	25.89
94	26.10
95	26.31
96	26.69
97	27.07
98	27.31
99	27.62
100	27.55
101	27.85
102	28.24
103	28.76
104	28.71
105	28.87
106	29.21
107	29.45
108	30.04
109	29.97
110	30.04
111	30.43
112	30.67
113	31.26
114	31.42
115	31.28
116	31.67
117	32.04
118	32.49
119	32.62
120	32.66
121	32.86
122	33.50
123	33.59
124	33.81
125	33.86
126	34.25
127	34.69
128	35.02
129	35.04
130	35.09
131	35.42
132	36.11
133	36.16
134	36.03
135	36.25
136	36.68
137	37.29
138	37.39
139	37.68
140	37.42
141	38.05
142	38.32
143	38.83
144	38.58
145	38.80
146	38.80
147	39.71
148	40.02
149	40.28
150	40.00
151	40.17
152	40.86
153	40.89
154	41.39
155	40.89
156	41.36
157	41.81
158	42.32
159	42.60
160	42.60
161	42.75
162	42.91
163	43.76
164	43.70
165	44.18
166	43.67
167	44.41
168	44.54
169	45.07
170	45.04
171	45.27
172	44.97
173	46.02
174	45.92
175	46.47
176	46.16
177	46.37
178	46.54
179	47.39
180	47.32
181	47.90
182	47.36
183	48.01
184	48.48
185	48.82
186	48.97
187	48.48
188	49.12
189	49.61
190	49.84
191	50.26
192	50.03
193	49.84
194	50.66
195	50.89
196	51.21
197	51.45
198	50.85
199	51.90
200	52.06
201	52.22
202	52.63
203	52.26
204	52.47
205	53.14
206	53.77
207	53.64
208	54.16
209	53.86
210	54.59
211	54.77
212	54.94
213	55.30
214	54.94
215	55.61
216	55.93
217	56.06
218	56.34
219	56.15
220	56.38
221	56.93
222	57.17
223	57.35
224	57.59
225	57.50
226	57.97
227	58.26
228	58.35
229	58.64
230	59.23
231	58.98
232	59.18
233	59.57
234	59.72
235	59.37
236	59.57
237	60.62
238	60.57
239	61.08
240	60.93
241	61.49
242	61.34
243	61.96
244	61.65
245	62.33
246	61.65
247	62.70
248	62.92
249	63.13
250	63.29
251	63.51
252	63.73
253	63.89
254	64.17
255	64.33
254	64.22
253	63.89
252	63.78
251	63.56
250	63.40
249	63.02
248	62.86
247	62.76
246	62.02
245	62.23
244	61.65
243	62.02
242	60.78
241	61.49
240	60.93
239	61.03
238	60.52
237	60.67
236	60.07
235	60.22
234	59.67
233	59.87
232	58.69
231	59.27
230	58.79
229	58.59
228	58.35
227	57.73
226	57.45
225	57.64
224	57.54
223	57.21
222	57.12
221	56.47
220	56.66
219	56.47
218	55.84
217	56.02
216	54.72
215	55.52
214	54.94
213	55.17
212	54.51
211	54.29
210	54.16
209	54.20
208	53.64
207	53.86
206	52.93
205	53.01
204	52.84
203	52.93
202	52.39
201	52.18
200	51.33
199	51.65
198	51.49
197	51.25
196	51.09
195	50.15
194	50.26
193	50.50
192	50.23
191	50.07
190	49.42
189	49.15
188	49.23
187	49.08
186	48.97
185	48.37
184	47.46
183	48.12
182	47.61
181	47.75
180	47.25
179	46.65
178	47.00
177	46.86
176	46.30
175	46.40
174	45.24
173	45.34
172	45.65
171	45.14
170	45.27
169	44.09
168	44.48
167	44.18
166	44.35
165	43.83
164	43.00
163	42.82
162	43.10
161	42.88
160	42.72
159	42.26
158	41.66
157	41.66
156	41.75
155	41.48
154	41.06
153	40.54
152	40.54
151	40.31
150	40.37
149	39.66
148	39.38
147	39.41
146	39.38
145	39.13
144	38.50
143	38.21
142	37.81
141	38.16
140	37.79
139	37.29
138	36.81
137	36.55
136	36.96
135	36.58
134	36.13
133	35.71
132	35.38
131	35.59
130	35.33
129	34.95
128	34.50
127	34.18
126	34.29
125	34.11
124	33.34
123	33.25
122	33.14
121	32.95
120	32.90
119	32.30
118	31.88
117	31.96
116	31.96
115	31.36
114	31.15
113	30.85
112	30.55
111	30.63
110	30.16
109	29.91
108	29.45
107	29.34
106	29.41
105	28.87
104	28.49
103	28.24
102	28.13
101	28.19
100	27.60
99	27.24
98	26.97
97	26.70
96	26.87
95	26.50
94	26.16
93	25.73
92	25.49
91	25.23
90	25.09
89	24.93
88	24.47
87	24.20
86	24.00
85	23.72
84	23.32
83	23.39
82	23.18
81	22.58
80	22.33
79	22.08
78	21.92
77	21.65
76	21.51
75	21.16
74	20.92
73	20.65
72	20.26
71	19.98
70	19.85
69	19.76
68	19.24
67	18.98
66	18.70
65	18.44
64	18.23
63	18.06
62	17.73
61	17.39
60	17.12
59	16.85
58	16.57
57	16.36
56	16.11
55	15.76
54	15.52
53	15.23
52	14.87
51	14.74
50	14.54
49	14.20
48	13.82
47	13.52
46	13.32
45	13.03
44	12.75
43	12.48
42	12.21
41	11.88
40	11.59
39	11.32
38	11.08
37	10.82
36	10.49
35	10.25
34	9.92
33	9.64
32	9.34
31	9.11
30	8.82
29	8.50
28	8.22
27	7.93
26	7.61
25	7.35
24	7.06
23	6.77
22	6.51
21	6.21
20	5.91
19	5.59
18	5.30
17	5.01
16	4.72
15	4.43
14	4.13
13	3.84
12	3.59
11	3.27
10	2.98
9	2.68
8	2.37
7	2.10
6	1.80
5	1.51
4	1.23
3	0.95
2	0.69
1	0.43
STEP
0	0.00
1	0.22
2	0.54
3	0.83
4	1.13
5	1.41
6	1.69
7	1.99
8	2.26
9	2.56
10	2.84
11	3.13
12	3.43
13	3.73
14	4.02
15	4.30
16	4.58
17	4.86
18	5.15
19	5.43
20	5.71
21	6.02
22	6.24
23	6.53
24	6.84
25	7.12
26	7.40
27	7.63
28	7.94
29	8.23
30	8.49
31	8.80
32	9.09
33	9.32
34	9.59
35	9.87
36	10.14
37	10.40
38	10.66
39	11.08
40	11.20
41	11.48
42	11.75
43	12.05
44	12.26
45	12.57
46	12.92
47	13.06
48	13.35
49	13.65
50	13.90
51	14.21
52	14.56
53	14.62
54	14.96
55	15.22
56	15.45
57	15.70
58	16.05
59	16.23
60	16.49
61	16.74
62	17.00
63	17.23
64	17.57
65	17.92
66	18.10
67	18.35
68	18.51
69	18.73
70	18.99
71	19.33
72	19.79
73	19.77
74	20.02
75	20.27
76	20.57
77	20.90
78	21.17
79	21.31
80	21.57
81	21.83
82	22.04
83	22.30
84	22.51
85	22.88
86	23.14
87	23.26
88	23.53
89	23.63
90	24.08
91	24.46
92	24.71
93	24.73
94	24.94
95	25.17
96	25.37
97	25.91
98	26.15
99	26.26
100	26.54
101	26.58
102	26.91
103	27.32
104	27.47
105	27.71
106	27.77
107	28.14
108	28.68
109	28.60
110	28.86
111	28.86
112	29.46
113	29.80
114	29.78
115	30.01
116	30.07
117	30.62
118	30.98
119	30.90
120	31.14
121	31.32
122	31.72
123	32.20
124	32.07
125	32.31
126	32.52
127	32.87
128	33.29
129	33.40
130	33.42
131	33.60
132	34.19
133	34.49
134	34.56
135	34.54
136	34.72
137	35.34
138	35.78
139	35.66
140	35.80
141	35.78
142	36.62
143	36.68
144	37.16
145	36.78
146	37.06
147	37.73
148	38.02
149	38.26
150	38.29
151	38.16
152	38.40
153	39.05
154	39.11
155	39.30
156	39.14
157	39.69
158	40.18
159	40.38
160	40.44
161	40.32
162	40.84
163	41.29
164	41.53
165	41.77
166	41.47
167	41.59
168	42.32
169	42.81
170	42.84
171	43.00
172	42.59
173	43.64
174	43.61
175	43.86
176	44.39
177	43.64
178	44.39
179	44.68
180	45.19
181	45.12
182	45.35
183	44.78
184	46.07
185	45.94
186	46.39
187	46.70
188	46.18
189	46.74
190	47.35
191	47.49
192	47.67
193	47.60
194	47.71
195	48.26
196	48.48
197	48.67
198	48.63
199	48.48
200	49.39
201	49.39
202	49.70
203	50.01
204	49.89
205	49.93
206	50.87
207	50.75
208	51.23
209	50.83
210	51.31
211	51.52
212	52.05
213	52.09
214	52.55
215	51.76
216	52.88
217	52.80
218	53.35
219	53.14
220	53.39
221	53.48
222	54.04
223	54.30
224	54.56
225	54.56
226	54.48
227	55.41
228	55.19
229	55.91
230	55.68
231	56.23
232	56.14
233	56.60
234	56.46
235	56.93
236	56.55
237	57.02
238	57.54
239	57.40
240	57.83
241	57.83
242	58.41
243	58.07
244	58.70
245	58.51
246	59.19
247	58.46
248	59.39
249	59.19
250	59.89
251	60.20
252	60.35
253	60.61
254	60.71
255	60.76
254	60.66
253	60.40
252	60.35
251	59.79
250	59.89
249	59.14
248	59.29
247	58.46
246	59.04
245	58.55
244	58.65
243	58.02
242	58.26
241	57.59
240	57.83
239	57.35
238	57.68
237	56.97
236	57.16
235	56.55
234	56.65
233	56.19
232	56.37
231	55.46
230	55.55
229	55.37
228	55.19
227	55.14
226	54.61
225	54.70
224	54.48
223	54.39
222	54.17
221	53.48
220	53.31
219	53.35
218	53.31
217	53.09
216	52.80
215	52.34
214	52.09
213	52.42
212	51.68
211	51.68
210	50.56
209	51.48
208	50.95
207	51.07
206	50.44
205	50.28
204	49.62
203	49.85
202	49.74
201	49.47
200	48.93
199	48.71
198	48.90
197	48.63
196	48.52
195	47.97
194	47.28
193	47.86
192	47.56
191	47.46
190	47.24
189	46.32
188	46.49
187	46.56
186	46.04
185	46.18
184	45.05
183	45.39
182	45.19
181	45.29
180	44.75
179	44.58
178	43.83
177	44.45
176	43.96
175	43.96
174	43.25
173	43.03
172	42.78
171	43.10
170	42.72
169	42.19
168	41.74
167	41.74
166	41.83
165	41.65
164	41.47
163	40.67
162	40.93
161	40.70
160	40.76
159	40.32
158	39.64
157	39.44
156	39.58
155	39.44
154	39.25
153	38.34
152	38.32
151	38.37
150	38.32
149	38.16
148	37.45
147	37.29
146	37.03
145	37.24
144	36.80
143	36.57
142	35.95
141	36.10
140	35.90
139	35.73
138	35.49
137	34.87
136	35.01
135	34.84
134	34.61
133	34.40
132	33.71
131	33.64
130	33.69
129	33.51
128	32.89
127	32.58
126	32.54
125	32.56
124	32.01
123	31.76
122	31.49
121	31.41
120	31.36
119	30.84
118	30.58
117	30.34
116	30.11
115	30.26
114	29.86
113	29.29
112	29.21
111	28.99
110	29.04
109	28.58
108	28.15
107	28.05
106	27.78
105	27.71
104	27.35
103	27.01
102	26.87
101	26.64
100	26.53
99	26.31
98	25.81
97	25.54
96	25.34
95	25.33
94	25.12
93	24.77
92	24.42
91	24.15
90	23.87
89	23.77
88	23.66
87	23.33
86	22.99
85	22.73
84	22.35
83	22.13
82	22.21
81	21.96
80	21.60
79	21.17
78	20.93
77	20.68
76	20.62
75	20.36
74	20.03
73	19.70
72	19.54
71	19.21
70	18.94
69	18.79
68	18.64
67	18.33
66	17.99
65	17.74
64	17.49
63	17.26
62	17.10
61	16.80
60	16.48
59	16.22
58	15.96
57	15.67
56	15.49
55	15.33
54	14.86
53	14.67
52	14.40
51	14.15
50	13.87
49	13.61
48	13.39
47	13.14
46	12.85
45	12.54
44	12.27
43	12.10
42	11.81
41	11.52
40	11.23
39	10.95
38	10.68
37	10.44
36	10.19
35	9.89
34	9.62
33	9.34
32	9.08
31	8.80
30	8.52
29	8.29
28	8.01
27	7.70
26	7.44
25	7.13
24	6.88
23	6.60
22	6.33
21	6.04
20	5.78
19	5.46
18	5.20
17	4.92
16	4.64
15	4.36
14	4.08
13	3.77
12	3.50
11	3.23
10	2.95
9	2.64
8	2.34
7	2.06
6	1.78
5	1.50
4	1.22
3	0.95
2	0.70
1	0.43
STEP
0	0.00
1	0.22
2	0.54
3	0.83
4	1.12
5	1.40
6	1.68
7	1.96
8	2.24
9	2.52
10	2.80
11	3.10
12	3.38
13	3.66
14	3.93
15	4.22
16	4.50
17	4.76
18	5.03
19	5.31
20	5.56
21	5.83
22	6.12
23	6.40
24	6.69
25	6.96
26	7.20
27	7.43
28	7.73
29	8.00
30	8.26
31	8.52
32	8.78
33	9.07
34	9.34
35	9.57
36	9.81
37	10.09
38	10.33
39	10.59
40	10.93
41	11.14
42	11.37
43	11.67
44	11.86
45	12.11
46	12.46
47	12.66
48	12.88
49	13.12
50	13.43
51	13.66
52	13.90
53	14.15
54	14.46
55	14.66
56	14.92
57	15.14
58	15.40
59	15.63
60	16.01
61	16.19
62	16.37
63	16.61
64	16.86
65	17.08
66	17.39
67	17.71
68	17.89
69	18.04
70	18.30
71	18.50
72	18.71
73	19.24
74	19.34
75	19.46
76	19.68
77	20.01
78	20.21
79	20.47
80	20.80
81	21.04
82	21.17
83	21.30
84	21.51
85	21.94
86	22.28
87	22.53
88	22.65
89	22.65
90	22.97
91	23.22
92	23.52
93	23.91
94	24.02
95	24.10
96	24.32
97	24.57
98	24.90
99	25.27
100	25.63
101	25.49
102	25.67
103	25.86
104	26.36
105	26.76
106	26.55
107	26.78
108	27.27
109	27.49
110	27.87
111	27.66
112	28.05
113	28.34
114	28.62
115	28.94
116	28.73
117	29.08
118	29.44
119	29.65
120	30.05
121	29.99
122	30.19
123	30.54
124	30.90
125	31.15
126	31.02
127	31.23
128	31.58
129	32.00
130	32.27
131	32.34
132	32.34
133	32.83
134	33.08
135	33.45
136	33.39
137	33.34
138	33.93
139	34.11
140	34.60
141	34.39
142	34.58
143	34.55
144	35.34
145	35.39
146	35.83
147	35.41
148	35.78
149	36.00
150	36.60
151	36.73
152	36.91
153	36.55
154	37.29
155	37.63
156	37.90
157	37.90
158	37.85
159	38.25
160	38.68
161	38.90
162	39.07
163	38.90
164	38.93
165	39.71
166	40.14
167	40.14
168	40.31
169	39.97
170	40.99
171	40.90
172	41.37
173	41.08
174	41.25
175	41.43
176	42.17
177	42.14
178	42.60
179	42.07
180	42.63
181	42.79
182	43.43
183	43.33
184	43.46
185	43.14
186	44.07
187	44.34
188	44.57
189	44.67
190	44.31
191	44.84
192	45.52
193	45.35
194	45.97
195	45.66
196	46.04
197	46.25
198	46.74
199	46.71
200	47.07
201	46.49
202	47.57
203	47.46
204	47.87
205	47.79
206	47.94
207	47.79
208	48.69
209	48.54
210	49.11
211	48.54
212	49.11
213	49.61
214	49.84
215	50.00
216	50.28
217	49.96
218	50.51
219	50.83
220	50.96
221	51.12
222	50.87
223	51.40
224	51.81
225	51.81
226	52.02
227	51.77
228	52.40
229	52.57
230	53.12
231	52.99
232	53.42
233	52.95
234	53.81
235	53.64
236	54.20
237	53.98
238	54.47
239	54.43
240	54.92
241	54.74
242	55.28
243	54.87
244	55.69
245	55.42
246	55.97
247	55.78
248	56.38
249	55.78
250	56.62
251	56.90
252	57.04
253	57.38
254	57.47
255	57.47
254	57.43
253	56.95
252	57.14
251	56.90
250	56.71
249	56.48
248	56.24
247	55.78
246	56.01
245	55.10
244	55.69
243	55.05
242	55.14
241	54.78
240	54.87
239	54.38
238	54.43
237	53.98
236	54.16
235	53.12
234	53.81
233	53.12
232	53.12
231	52.86
230	52.31
229	52.06
228	52.40
227	52.57
226	52.02
225	51.48
224	51.36
223	51.36
222	51.20
221	51.08
220	50.20
219	50.40
218	50.51
217	50.32
216	50.08
215	49.96
214	49.45
213	49.26
212	49.30
211	48.84
210	48.99
209	47.79
208	48.61
207	48.16
206	48.24
205	47.94
204	46.92
203	47.61
202	47.07
201	46.92
200	46.74
199	46.46
198	46.11
197	46.46
196	46.00
195	45.73
194	45.31
193	45.11
192	45.21
191	44.97
190	44.84
189	44.37
188	43.88
187	44.14
186	44.04
185	43.85
184	43.62
183	42.92
182	42.73
181	42.98
180	42.54
179	42.66
178	41.65
177	41.98
176	41.83
175	41.86
174	41.43
173	41.14
172	40.49
171	40.87
170	40.60
169	40.40
168	39.94
167	39.57
166	40.02
165	39.60
164	39.71
163	38.98
162	38.57
161	38.57
160	38.57
159	38.35
158	37.98
157	37.53
156	37.53
155	37.58
154	37.32
153	36.93
152	36.55
151	36.47
150	36.35
149	36.32
148	35.75
147	35.53
146	35.48
145	35.27
144	35.29
143	34.67
142	34.51
141	34.04
140	34.23
139	34.21
138	33.72
137	33.43
136	32.99
135	33.16
134	33.14
133	32.66
132	32.21
131	31.95
130	32.06
129	32.17
128	31.58
127	31.19
126	30.86
125	31.00
124	30.68
123	30.46
122	30.13
121	29.84
120	29.96
119	29.61
118	29.38
117	29.07
116	28.79
115	28.84
114	28.50
113	28.32
112	27.93
111	27.54
110	27.73
109	27.44
108	27.10
107	26.83
106	26.46
105	26.61
104	26.30
103	25.83
102	25.75
101	25.31
100	25.41
99	25.30
98	24.76
97	24.46
96	24.24
95	24.14
94	24.02
93	23.85
92	23.51
91	23.16
90	22.90
89	22.67
88	22.45
87	22.47
86	22.14
85	21.81
84	21.58
83	21.25
82	20.96
81	21.05
80	20.83
79	20.34
78	20.13
77	19.93
76	19.69
75	19.47
74	19.31
73	19.15
72	18.69
71	18.51
70	18.26
69	17.97
68	17.91
67	17.61
66	17.31
65	17.06
64	16.81
63	16.55
62	16.40
61	16.24
60	15.84
59	15.65
58	15.40
57	15.14
56	14.80
55	14.68
54	14.46
53	14.17
52	13.92
51	13.61
50	13.36
49	13.21
48	13.02
47	12.63
46	12.37
45	12.19
44	11.93
43	11.62
42	11.41
41	11.12
40	10.86
39	10.63
38	10.41
37	10.11
36	9.87
35	9.62
34	9.33
33	9.08
32	8.81
31	8.56
30	8.28
29	8.02
28	7.79
27	7.53
26	7.23
25	6.94
24	6.70
23	6.44
22	6.17
21	5.90
20	5.63
19	5.33
18	5.07
17	4.79
16	4.55
15	4.25
14	3.98
13	3.71
12	3.43
11	3.16
10	2.90
9	2.62
8	2.32
7	2.04
6	1.76
5	1.49
4	1.22
3	0.96
2	0.70
1	0.44
STEP
0	0.00
1	0.22
2	0.56
3	0.85
4	1.13
5	1.39
6	1.67
7	1.96
8	2.21
9	2.50
10	2.76
11	3.05
12	3.32
13	3.59
14	3.86
15	4.13
16	4.41
17	4.68
18	4.93
19	5.19
20	5.45
21	5.69
22	5.98
23	6.24
24	6.49
25	6.78
26	7.04
27	7.23
28	7.53
29	7.79
30	8.02
31	8.29
32	8.53
33	8.79
34	9.06
35	9.31
36	9.54
37	9.79
38	10.02
39	10.27
40	10.51
41	10.84
42	11.05
43	11.24
44	11.55
45	11.78
46	11.96
47	12.19
48	12.60
49	12.80
50	12.92
51	13.16
52	13.44
53	13.65
54	13.95
55	14.28
56	14.39
57	14.56
58	14.87
59	15.08
60	15.29
61	15.59
62	15.90
63	15.99
64	16.25
65	16.46
66	16.68
67	16.88
68	17.34
69	17.46
70	17.61
71	17.83
72	18.09
73	18.22
74	18.55
75	18.85
76	19.12
77	19.23
78	19.35
79	19.56
80	19.97
81	20.17
82	20.33
83	20.53
84	20.79
85	20.96
86	21.04
87	21.59
88	21.85
89	21.92
90	22.07
91	22.25
92	22.43
93	22.79
94	23.12
95	23.23
96	23.37
97	23.53
98	23.87
99	24.07
100	24.41
101	24.48
102	24.60
103	24.83
104	25.24
105	25.47
106	25.56
107	25.75
108	25.87
109	26.27
110	26.65
111	26.61
112	26.81
113	26.90
114	27.18
115	27.70
116	27.82
117	27.74
118	28.03
119	28.18
120	28.74
121	28.87
122	28.87
123	29.00
124	29.39
125	29.71
126	29.83
127	29.87
128	30.04
129	30.41
130	30.77
131	31.01
132	30.91
133	31.20
134	31.38
135	31.97
136	32.01
137	31.84
138	32.03
139	32.39
140	32.91
141	33.02
142	33.25
143	32.98
144	33.58
145	33.95
146	33.97
147	34.23
148	33.95
149	34.51
150	34.88
151	35.10
152	35.12
153	34.91
154	35.49
155	35.88
156	36.10
157	36.10
158	36.05
159	36.46
160	36.89
161	37.04
162	37.25
163	37.07
164	37.12
165	37.78
166	38.24
167	38.26
168	38.37
169	38.10
170	38.67
171	39.17
172	39.20
173	39.31
174	39.03
175	39.88
176	39.85
177	40.26
178	40.08
179	40.11
180	40.40
181	40.96
182	40.99
183	41.47
184	40.87
185	41.50
186	42.06
187	42.12
188	42.46
189	42.27
190	42.37
191	42.87
192	43.13
193	43.32
194	43.71
195	43.13
196	44.10
197	44.04
198	44.44
199	44.34
200	44.44
201	44.40
202	45.15
203	45.01
204	45.56
205	45.11
206	45.67
207	46.09
208	46.26
209	46.44
210	46.58
211	46.41
212	46.66
213	47.16
214	47.09
215	47.45
216	47.42
217	47.75
218	47.97
219	48.12
220	48.42
221	48.24
222	48.73
223	48.84
224	49.11
225	49.27
226	49.00
227	49.62
228	49.74
229	49.93
230	50.41
231	49.89
232	50.74
233	50.65
234	51.14
235	50.94
236	51.39
237	50.90
238	51.68
239	51.60
240	52.14
241	51.89
242	52.61
243	52.48
244	52.69
245	52.91
246	53.12
247	53.17
248	52.95
249	53.56
250	53.38
251	54.09
252	53.38
253	54.45
254	54.36
255	54.54
254	54.54
253	54.18
252	54.13
251	53.60
250	53.82
249	53.17
248	53.25
247	53.25
246	53.21
245	52.82
244	52.44
243	52.56
242	51.72
241	52.27
240	52.14
239	51.55
238	51.64
237	50.82
236	51.43
235	50.74
234	50.65
233	50.53
232	49.93
231	50.21
230	50.05
229	49.90
228	49.70
227	49.07
226	49.35
225	49.11
224	49.38
223	48.81
222	48.31
221	48.35
220	48.24
219	47.79
218	47.94
217	47.45
216	47.23
215	47.53
214	46.94
213	47.05
212	46.48
211	46.62
210	46.51
209	46.05
208	46.09
207	45.08
206	45.77
205	45.35
204	45.42
203	44.91
202	44.24
201	44.50
200	44.47
199	44.30
198	44.07
197	43.55
196	43.39
195	43.51
194	43.29
193	43.16
192	42.81
191	42.24
190	42.59
189	42.12
188	42.31
187	41.87
186	41.41
185	41.75
184	41.50
183	41.29
182	41.20
181	40.46
180	40.23
179	40.55
178	40.20
177	40.26
176	39.57
175	39.40
174	39.62
173	39.26
172	39.34
171	38.34
170	38.40
169	38.65
168	38.26
167	38.13
166	37.44
165	37.49
164	37.54
163	37.33
162	37.38
161	36.56
160	36.46
159	36.61
158	36.38
157	35.83
156	35.61
155	35.51
154	35.34
153	35.44
152	34.98
151	34.62
150	34.60
149	34.39
148	34.48
147	33.88
146	33.67
145	33.63
144	33.45
143	33.43
142	32.91
141	32.52
140	32.63
139	32.46
138	32.50
137	31.88
136	31.55
135	31.30
134	31.46
133	31.48
132	30.95
131	30.53
130	30.29
129	30.45
128	30.31
127	29.87
126	29.56
125	29.37
124	29.44
123	29.09
122	28.92
121	28.39
120	28.34
119	28.39
118	28.09
117	27.89
116	27.58
115	27.15
114	27.37
113	27.10
112	26.85
111	26.51
110	26.12
109	26.35
108	26.03
107	25.55
106	25.47
105	25.13
104	25.30
103	24.99
102	24.51
101	24.32
100	24.03
99	24.13
98	23.88
97	23.57
96	23.30
95	23.04
94	22.78
93	22.81
92	22.63
91	22.31
90	22.00
89	21.76
88	21.55
87	21.43
86	21.33
85	20.93
84	20.72
83	20.48
82	20.23
81	19.92
80	19.81
79	19.81
78	19.39
77	19.10
76	18.85
75	18.73
74	18.50
73	18.38
72	18.07
71	17.85
70	17.55
69	17.30
68	17.09
67	16.92
66	16.73
65	16.42
64	16.20
63	15.97
62	15.74
61	15.56
60	15.40
59	15.12
58	14.84
57	14.53
56	14.35
55	14.10
54	13.94
53	13.76
52	13.38
51	13.15
50	12.97
49	12.72
48	12.42
47	12.23
46	12.08
45	11.72
44	11.48
43	11.31
42	11.04
41	10.79
40	10.56
39	10.33
38	10.04
37	9.79
36	9.55
35	9.29
34	9.08
33	8.84
32	8.56
31	8.31
30	8.07
29	7.80
28	7.54
27	7.29
26	7.04
25	6.82
24	6.55
23	6.28
22	6.00
21	5.77
20	5.50
19	5.25
18	4.98
17	4.71
16	4.47
15	4.20
14	3.92
13	3.65
12	3.39
11	3.12
10	2.84
9	2.57
8	2.29
7	2.05
6	1.75
5	1.50
4	1.22
3	0.95
2	0.70
1	0.44
STEP
0	0.00
1	0.23
2	0.55
3	0.84
4	1.12
5	1.39
6	1.66
7	1.93
8	2.19
9	2.45
10	2.72
11	3.01
12	3.27
13	3.53
14	3.77
15	4.03
16	4.29
17	4.55
18	4.79
19	5.05
20	5.31
21	5.59
22	5.84
23	6.09
24	6.34
25	6.59
26	6.83
27	7.08
28	7.35
29	7.60
30	7.82
31	8.06
32	8.30
33	8.55
34	8.78
35	9.00
36	9.24
37	9.52
38	9.76
39	9.96
40	10.19
41	10.44
42	10.69
43	10.87
44	11.15
45	11.39
46	11.65
47	11.82
48	12.04
49	12.32
50	12.57
51	12.86
52	12.95
53	13.16
54	13.44
55	13.66
56	13.87
57	14.15
58	14.45
59	14.51
60	14.78
61	15.00
62	15.21
63	15.42
64	15.69
65	16.06
66	16.08
67	16.29
68	16.52
69	16.71
70	16.99
71	17.29
72	17.43
73	17.66
74	17.86
75	17.98
76	18.21
77	18.67
78	18.73
79	18.85
80	19.06
81	19.33
82	19.50
83	19.73
84	20.07
85	20.26
86	20.40
87	20.57
88	20.76
89	21.06
90	21.39
91	21.61
92	21.71
93	21.82
94	21.99
95	22.19
96	22.49
97	22.93
98	22.89
99	22.99
100	23.19
101	23.36
102	23.94
103	24.01
104	24.01
105	24.32
106	24.36
107	24.95
108	25.01
109	24.98
110	25.28
111	25.33
112	25.91
113	26.15
114	25.93
115	26.24
116	26.55
117	26.73
118	27.10
119	26.88
120	27.18
121	27.53
122	27.75
123	28.07
124	28.00
125	28.18
126	28.49
127	28.83
128	29.07
129	28.94
130	29.11
131	29.41
132	29.83
133	30.03
134	30.05
135	30.07
136	30.18
137	30.76
138	30.94
139	30.96
140	30.98
141	31.31
142	31.50
143	31.96
144	32.09
145	32.26
146	32.06
147	32.60
148	32.80
149	33.20
150	32.98
151	33.15
152	33.15
153	33.86
154	33.83
155	34.30
156	34.09
157	34.27
158	34.74
159	34.96
160	35.20
161	35.18
162	35.13
163	35.86
164	35.86
165	36.29
166	36.06
167	35.99
168	36.37
169	36.80
170	36.93
171	36.88
172	37.04
173	37.30
174	37.88
175	37.83
176	38.23
177	37.67
178	38.32
179	38.48
180	38.89
181	38.95
182	38.98
183	39.18
184	39.63
185	39.80
186	39.92
187	39.86
188	39.83
189	40.50
190	40.62
191	40.80
192	41.04
193	40.71
194	41.07
195	41.49
196	41.71
197	41.90
198	41.80
199	41.93
200	42.30
201	42.52
202	42.71
203	42.62
204	43.03
205	43.20
206	43.36
207	43.85
208	43.72
209	43.78
210	43.75
211	44.49
212	44.38
213	44.93
214	44.38
215	44.72
216	45.31
217	45.45
218	45.62
219	45.80
220	45.10
221	46.15
222	46.33
223	46.51
224	46.62
225	46.47
226	46.95
227	47.13
228	47.28
229	47.72
230	47.24
231	48.02
232	47.87
233	48.52
234	48.25
235	48.60
236	48.14
237	49.06
238	48.79
239	49.29
240	49.18
241	49.65
242	49.49
243	49.93
244	49.81
245	50.25
246	49.69
247	50.53
248	50.37
249	50.82
250	50.66
251	51.27
252	51.02
253	51.44
254	51.65
255	51.82
254	51.69
253	51.52
252	51.36
251	51.19
250	50.98
249	50.98
248	50.66
247	50.21
246	50.29
245	49.93
244	50.01
243	49.29
242	49.77
241	49.37
240	49.41
239	48.98
238	49.10
237	48.25
236	48.71
235	48.25
234	48.44
233	47.91
232	47.50
231	47.65
230	47.57
229	47.65
228	47.31
227	46.76
226	46.84
225	46.69
224	46.51
223	46.40
222	45.90
221	46.08
220	45.97
219	45.76
218	45.62
217	44.52
216	45.31
215	44.79
214	44.96
213	44.55
212	44.28
211	43.85
210	44.25
209	43.82
208	43.88
207	43.23
206	43.26
205	43.13
204	43.23
203	42.81
202	42.62
201	41.90
200	42.33
199	42.08
198	41.96
197	41.80
196	41.19
195	41.16
194	41.31
193	41.16
192	40.95
191	40.21
190	40.33
189	40.38
188	40.21
187	40.09
186	39.72
185	39.49
184	39.54
183	39.40
182	38.98
181	38.70
180	38.18
179	38.65
178	38.21
177	38.32
176	37.94
175	37.30
174	37.72
173	37.43
172	37.48
171	36.80
170	36.65
169	36.47
168	36.49
167	36.34
166	35.96
165	35.52
164	35.57
163	35.62
162	35.47
161	35.08
160	34.63
159	34.70
158	34.72
157	34.56
156	34.23
155	33.79
154	33.76
153	33.63
152	33.65
151	33.29
150	32.87
149	32.87
148	32.69
147	32.76
146	32.17
145	31.96
144	31.58
143	31.96
142	31.58
141	31.64
140	30.90
139	30.88
138	30.66
137	30.80
136	30.50
135	30.01
134	29.81
133	29.72
132	29.89
131	29.55
130	29.04
129	28.81
128	28.81
127	28.76
126	28.59
125	28.09
124	27.91
123	27.82
122	27.65
121	27.63
120	27.18
119	26.91
118	26.86
117	26.73
116	26.70
115	26.19
114	25.85
113	25.91
112	25.87
111	25.44
110	25.24
109	24.86
108	24.81
107	24.86
106	24.44
105	24.14
104	24.03
103	23.83
102	23.77
101	23.46
100	23.12
99	22.90
98	22.82
97	22.74
96	22.46
95	22.16
94	21.94
93	21.71
92	21.61
91	21.51
90	21.32
89	20.93
88	20.73
87	20.52
86	20.31
85	20.08
84	20.07
83	19.82
82	19.50
81	19.19
80	18.97
79	18.91
78	18.73
77	18.45
76	18.18
75	18.05
74	17.82
73	17.52
72	17.38
71	17.36
70	16.91
69	16.70
68	16.48
67	16.25
66	16.11
65	15.98
64	15.70
63	15.41
62	15.20
61	14.98
60	14.74
59	14.57
58	14.45
57	14.12
56	13.82
55	13.66
54	13.42
53	13.20
52	12.97
51	12.75
50	12.55
49	12.32
48	12.04
47	11.79
46	11.67
45	11.48
44	11.13
43	10.90
42	10.72
41	10.43
40	10.19
39	10.10
38	9.74
37	9.50
36	9.27
35	9.04
34	8.80
33	8.56
32	8.35
31	8.12
30	7.84
29	7.61
28	7.32
27	7.11
26	6.87
25	6.62
24	6.38
23	6.15
22	5.91
21	5.63
20	5.36
19	5.11
18	4.88
17	4.62
16	4.36
15	4.11
14	3.86
13	3.61
12	3.33
11	3.07
10	2.81
9	2.54
8	2.27
7	2.01
6	1.74
5	1.48
4	1.21
3	0.96
2	0.71
1	0.45