PWM: 0
64 5192
65 10104
65 15112
66 20120
66 25128
67 30136
68 35144
69 40152
69 45160
70 50168
70 55176
70 60184
71 65192
71 70200
71 75208
71 80216
72 85224
72 90232
72 95240
73 100248
72 105256
73 110264
74 115272
73 120280
74 125288
73 130296
74 135304
74 140312
74 145320
74 150328
75 155336
74 160344
75 165352
75 170360
75 175368
75 180376
75 185384
75 190392
76 195400
76 200408
75 205416
75 210424
76 215432
77 220440
76 225448
76 230456
76 235464
76 240472
76 245480
76 250488
76 255496
77 260504
77 265512
77 270520
77 275528
77 280536
77 285544
77 290552
77 295560
77 300568
77 305576
77 310584
77 315592
77 320600
77 325608
78 330616
78 335624
77 340632
77 345640
77 350648
77 355656
78 360664
77 365672
78 370680
78 375688
78 380696
78 385704
77 390712
78 395720
78 400728
78 405736
77 410744
78 415752
78 420760
78 425768
78 430776
78 435784
78 440792
78 445800
78 450808
78 455816
78 460824
79 465832
79 470840
78 475848
78 480856
79 485864
79 490872
78 495880
PWM: 5
120 116
120 1748
162 6756
226 11764
277 16772
320 21780
350 26788
374 31796
390 36804
403 41812
413 46820
417 51828
425 56836
427 61844
433 66852
434 71860
437 76868
438 81876
439 86884
439 91892
439 96900
440 101908
439 106916
441 111924
440 116932
442 121940
441 126948
443 131956
442 136964
442 141972
443 146980
443 151988
444 156996
443 162004
445 167012
443 172020
446 177028
444 182036
446 187044
445 192052
446 197060
447 202068
446 207076
446 212084
446 217092
447 222100
446 227108
448 232116
446 237124
448 242132
447 247140
448 252148
447 257156
447 262164
448 267172
447 272180
449 277188
446 282196
449 287204
447 292212
449 297220
448 302228
449 307236
449 312244
449 317252
449 322260
448 327268
450 332276
448 337284
450 342292
448 347300
450 352308
449 357316
450 362324
449 367332
449 372340
450 377348
449 382356
450 387364
448 392372
451 397380
449 402388
450 407396
450 412404
450 417412
450 422420
450 427428
451 432436
449 437444
451 442452
448 447460
451 452468
449 457476
451 462484
450 467492
451 472500
450 477508
450 482516
450 487524
PWM: 10
122 116
121 628
199 5636
303 10644
377 15652
438 20660
473 25668
501 30676
517 35684
529 40692
537 45700
543 50708
548 55716
551 60724
555 65732
553 70740
558 75748
557 80756
561 85764
559 90772
562 95780
561 100788
562 105796
562 110804
561 115812
564 120820
561 125828
564 130836
562 135844
565 140852
563 145860
565 150868
565 155876
565 160884
566 165892
566 170900
567 175908
564 180916
567 185924
565 190932
568 195940
566 200948
568 205956
567 210964
567 215972
568 220980
566 225988
568 230996
564 236004
568 241012
565 246020
569 251028
567 256036
569 261044
567 266052
568 271060
568 276068
567 491412
569 496420
567 291092
570 296100
566 301108
570 306116
568 311124
569 316132
568 321140
569 326148
570 331156
568 336164
570 341172
568 346180
570 351188
567 356196
571 361204
568 366212
570 371220
569 376228
569 381236
570 386244
569 391252
570 396260
568 401268
570 406276
568 411284
571 416292
568 421300
570 426308
569 431316
570 436324
570 441332
569 446340
570 451348
569 456356
571 461364
568 466372
571 471380
568 476388
571 481396
570 486404
PWM: 15
121 116
182 4516
318 9524
425 14532
500 19540
542 24548
572 29556
586 34564
601 39572
606 44580
614 49588
617 54596
621 59604
622 64612
623 69620
627 74628
626 79636
629 84644
625 89652
629 94660
627 99668
632 104676
629 109684
631 114692
631 119700
630 124708
633 129716
631 134724
634 139732
629 144740
633 149748
631 154756
634 159764
632 164772
634 169780
633 174788
633 179796
634 184804
632 189812
635 194820
631 199828
635 204836
633 209844
636 214852
634 219860
-28988 224868
7 229876
634 234884
636 239892
634 244900
636 249908
632 254916
637 259924
634 264932
636 269940
634 274948
635 279956
635 284964
634 289972
636 294980
635 299988
637 304996
632 310004
637 315012
633 320020
637 325028
635 330036
636 335044
636 340052
635 345060
636 350068
635 355076
637 360084
633 365092
637 370100
635 375108
637 380116
635 385124
636 390132
636 395140
636 400148
636 405156
635 410164
637 415172
632 420180
638 425188
634 430196
637 435204
635 440212
636 445220
636 450228
635 455236
637 460244
636 465252
637 470260
633 475268
637 480276
634 485284
637 490292
PWM: 20
121 116
140 1348
289 6356
436 11364
529 16372
584 21380
617 26388
634 31396
647 36404
650 41412
660 46420
660 51428
667 56436
667 61444
671 66452
670 71460
671 76468
673 81476
672 86484
674 91492
671 96500
676 101508
672 106516
676 111524
674 116532
677 121540
676 126548
675 131556
677 136564
676 141572
679 146580
673 151588
679 156596
675 161604
679 166612
677 171620
679 176628
678 181636
677 186644
679 191652
678 196660
680 201668
675 206676
680 211684
676 216692
680 221700
677 226708
680 231716
679 236724
678 241732
679 246740
678 251748
681 256756
676 261764
680 266772
677 271780
680 276788
678 281796
680 286804
680 291812
679 296820
680 301828
680 306836
680 311844
676 316852
681 321860
676 326868
681 331876
678 336884
681 341892
679 346900
679 351908
680 356916
678 361924
680 366932
675 371940
681 376948
677 381956
681 386964
678 391972
680 396980
679 401988
679 406996
680 412004
678 417012
680 422020
676 427028
681 432036
677 437044
682 442052
678 447060
681 452068
679 457076
680 462084
680 467092
678 472100
681 477108
676 482116
681 487124
PWM: 25
121 124
250 4212
436 9220
548 14228
615 19236
649 24244
669 29252
681 34260
687 39268
694 44276
693 49284
700 54292
697 59300
703 64308
702 69316
705 74324
704 79332
705 84340
706 89348
705 94356
707 99364
705 104372
708 109380
705 114388
710 119396
706 124404
709 129412
708 134420
709 139428
710 144436
707 149444
710 154452
708 159460
711 164468
706 169476
711 174484
708 179492
711 184500
710 189508
710 194516
711 199524
709 204532
711 209540
709 214548
712 219556
707 224564
712 229572
708 234580
712 239588
710 244596
711 249604
711 254612
709 259620
712 264628
709 269636
713 274644
707 279652
713 284660
709 289668
712 294676
711 299684
711 304692
711 309700
710 314708
712 319716
710 324724
712 329732
707 334740
713 339748
709 344756
712 349764
710 354772
711 359780
711 364788
709 369796
712 374804
710 379812
713 384820
708 389828
713 394836
709 399844
713 404852
711 409860
712 414868
711 419876
709 424884
712 429892
710 434900
713 439908
708 444916
713 449924
709 454932
713 459940
710 464948
712 469956
712 474964
710 479972
712 484980
710 489988
PWM: 30
123 116
155 2068
377 7076
528 12084
624 17092
665 22100
693 27108
703 32116
712 37124
717 42132
719 47140
724 52148
724 57156
728 62164
724 67172
731 72180
727 77188
732 82196
730 87204
731 92212
732 97220
730 102228
733 107236
730 112244
734 117252
729 122260
735 127268
731 132276
734 137284
732 142292
734 147300
733 152308
733 157316
735 162324
733 167332
736 172340
730 177348
736 182356
732 187364
735 192372
733 197380
735 202388
735 207396
734 212404
735 217412
734 222420
736 227428
731 232436
737 237444
732 242452
737 247460
734 252468
736 257476
735 262484
734 267492
736 272500
734 277508
736 282516
731 287524
737 292532
733 297540
737 302548
734 307556
736 312564
735 317572
735 322580
736 327588
734 332596
736 337604
732 342612
737 347620
732 352628
737 357636
734 362644
737 367652
735 372660
735 377668
736 382676
735 387684
737 392692
732 397700
737 402708
733 407716
736 412724
734 417732
736 422740
735 427748
735 432756
736 437764
735 442772
737 447780
732 452788
737 457796
732 462804
737 467812
734 472820
737 477828
735 482836
735 487844
PWM: 35
122 116
282 4932
489 9940
620 14948
673 19956
710 24964
720 29972
732 34980
735 39988
741 44996
742 50004
744 55012
748 60020
747 65028
750 70036
745 75044
752 80052
747 85060
753 90068
749 95076
752 100084
751 105092
751 110100
753 115108
751 120116
754 125124
749 130132
755 135140
750 140148
755 145156
752 150164
755 155172
753 160180
753 165188
754 170196
753 175204
755 180212
750 185220
756 190228
751 195236
756 200244
752 205252
755 210260
754 215268
754 220276
755 225284
754 230292
756 235300
752 240308
756 245316
752 250324
756 255332
753 260340
756 265348
754 270356
754 275364
755 280372
755 285380
756 290388
752 295396
757 300404
752 305412
756 310420
753 315428
756 320436
754 325444
754 330452
756 335460
755 340468
756 345476
753 350484
756 355492
752 360500
757 365508
753 370516
756 375524
754 380532
755 385540
756 390548
754 395556
756 400564
753 405572
757 410580
751 415588
757 420596
753 425604
756 430612
755 435620
755 440628
755 445636
755 450644
756 455652
753 460660
757 465668
752 470676
756 475684
753 480692
756 485700
755 490708
PWM: 40
121 116
191 1764
444 6772
608 11780
683 16788
722 21796
736 26804
750 31812
749 36820
758 41828
758 46836
763 51844
763 56852
764 61860
765 66868
766 71876
767 76884
765 81892
769 86900
764 91908
769 96916
766 101924
770 106932
767 111940
769 116948
769 121956
769 126964
771 131972
767 136980
771 141988
765 146996
771 152004
768 157012
771 162020
769 167028
770 172036
769 177044
771 182052
772 187060
768 192068
772 197076
766 202084
773 207092
768 212100
772 217108
770 222116
771 227124
771 232132
770 237140
772 242148
769 247156
772 252164
766 257172
773 262180
769 267188
772 272196
770 277204
771 282212
771 287220
771 292228
772 297236
769 302244
773 307252
766 312260
773 317268
768 322276
773 327284
770 332292
771 337300
771 342308
771 347316
772 352324
769 357332
772 362340
767 367348
773 372356
769 377364
772 382372
770 387380
771 392388
771 397396
772 402404
772 407412
769 412420
773 417428
767 422436
773 427444
768 432452
772 437460
770 442468
771 447476
771 452484
771 457492
772 462500
769 467508
772 472516
767 477524
773 482532
768 487540
PWM: 45
123 116
328 4628
554 9636
673 14644
723 19652
747 24660
761 29668
764 34676
772 39684
769 44692
777 49700
773 54708
779 59716
777 64724
780 69732
780 74740
780 79748
782 84756
780 89764
783 94772
778 99780
783 104788
779 109796
783 114804
781 119812
784 124820
782 129828
783 134836
784 139844
782 144852
784 149860
779 154868
785 159876
781 164884
785 169892
782 174900
784 179908
783 184916
784 189924
784 194932
783 199940
785 204948
780 209956
786 214964
781 219972
786 224980
782 229988
784 234996
784 240004
785 245012
786 250020
782 255028
786 260036
780 265044
786 270052
781 275060
786 280068
783 285076
785 290084
784 295092
785 300100
785 305108
783 310116
786 315124
780 320132
786 325140
781 330148
787 335156
782 340164
785 345172
784 350180
785 355188
786 360196
783 365204
786 370212
780 375220
786 380228
781 385236
786 390244
782 395252
785 400260
784 405268
784 410276
785 415284
783 420292
786 425300
781 430308
786 435316
781 440324
786 445332
782 450340
785 455348
784 460356
784 465364
786 470372
784 475380
786 480388
782 485396
786 490404
PWM: 50
121 116
185 2484
467 7492
649 12500
719 17508
755 22516
768 27524
778 32532
782 37540
783 42548
788 47556
786 52564
791 57572
787 62580
793 67588
790 72596
793 77604
791 82612
794 87620
793 92628
792 97636
795 102644
792 107652
796 112660
790 117668
796 122676
792 127684
796 132692
794 137700
796 142708
795 147716
794 152724
796 157732
793 162740
797 167748
792 172756
797 177764
793 182772
796 187780
796 192788
795 197796
796 202804
795 207812
797 212820
794 217828
797 222836
791 227844
797 232852
794 237860
797 242868
795 247876
795 252884
796 257892
795 262900
798 267908
794 272916
798 277924
792 282932
798 287940
793 292948
797 297956
795 302964
795 307972
796 312980
795 317988
797 322996
794 328004
798 333012
791 338020
797 343028
793 348036
798 353044
794 358052
795 363060
797 368068
795 373076
798 378084
793 383092
798 388100
792 393108
797 398116
794 403124
797 408132
795 413140
796 418148
796 423156
796 428164
797 433172
794 438180
797 443188
792 448196
797 453204
793 458212
797 463220
795 468228
796 473236
796 478244
796 483252
798 488260
PWM: 55
121 116
399 4788
627 9796
719 14804
763 19812
775 24820
789 29828
787 34836
797 39844
795 44852
799 49860
799 54868
802 59876
802 64884
801 69892
804 74900
800 79908
805 84916
800 89924
806 94932
802 99940
805 104948
803 109956
805 114964
805 119972
803 124980
806 129988
802 134996
806 140004
801 145012
806 150020
803 155028
806 160036
804 165044
806 170052
805 175060
805 180068
807 185076
803 190084
808 195092
801 200100
808 205108
803 210116
806 215124
805 220132
807 225140
806 230148
805 235156
807 240164
803 245172
807 250180
802 255188
808 260196
804 265204
806 270212
804 275220
808 280228
806 285236
806 290244
807 295252
803 300260
807 305268
802 310276
808 315284
803 320292
807 325300
805 330308
805 335316
807 340324
806 345332
807 350340
804 355348
808 360356
802 365364
808 370372
803 375380
807 380388
805 385396
807 390404
806 395412
806 400420
807 405428
804 410436
808 415444
802 420452
808 425460
803 430468
807 435476
805 440484
806 445492
806 450500
806 455508
807 460516
804 465524
807 470532
802 475540
808 480548
803 485556
806 490564
PWM: 60
121 116
172 2644
496 7652
679 12660
750 17668
778 22676
794 27684
796 32692
804 37700
800 42708
809 47716
806 52724
811 57732
810 62740
813 67748
811 72756
811 77764
813 82772
810 87780
814 92788
809 97796
815 102804
810 107812
815 112820
812 117828
813 122836
813 127844
814 132852
815 137860
811 142868
815 147876
810 152884
815 157892
811 162900
815 167908
813 172916
814 177924
814 182932
814 187940
815 192948
813 197956
816 202964
810 207972
816 212980
811 217988
816 222996
813 228004
814 233012
814 238020
815 243028
816 248036
812 253044
816 258052
811 263060
816 268068
812 273076
815 278084
813 283092
815 288100
815 293108
816 298116
816 303124
813 308132
816 313140
810 318148
817 323156
811 328164
816 333172
813 338180
815 343188
815 348196
815 353204
816 358212
813 363220
816 368228
810 373236
817 378244
812 383252
816 388260
813 393268
815 398276
815 403284
816 408292
815 413300
814 418308
817 423316
811 428324
817 433332
812 438340
817 443348
813 448356
815 453364
815 458372
815 463380
816 468388
813 473396
817 478404
811 483412
817 488420
PWM: 65
122 116
149 500
555 5508
717 10516
770 15524
793 20532
803 25540
809 30548
813 35556
812 40564
818 45572
812 50580
819 55588
815 60596
821 65604
818 70612
820 75620
819 80628
821 85636
822 90644
820 95652
823 100660
819 105668
823 110676
818 115684
822 120692
820 125700
822 130708
821 135716
822 140724
823 145732
820 150740
824 155748
820 160756
824 165764
818 170772
823 175780
820 180788
822 185796
822 190804
823 195812
823 200820
821 205828
824 210836
820 215844
825 220852
819 225860
825 230868
820 235876
823 240884
822 245892
823 250900
823 255908
821 260916
824 265924
820 270932
824 275940
819 280948
824 285956
821 290964
823 295972
822 300980
824 305988
823 310996
821 316004
824 321012
821 326020
825 331028
819 336036
823 341044
821 346052
823 351060
822 356068
824 361076
824 366084
821 371092
825 376100
820 381108
825 386116
818 391124
824 396132
820 401140
824 406148
822 411156
824 416164
823 421172
822 426180
824 431188
820 436196
825 441204
818 446212
824 451220
820 456228
823 461236
823 466244
824 471252
824 476260
821 481268
825 486276
PWM: 70
122 116
366 3476
752 13492
785 18500
807 23508
811 28516
818 33524
820 38532
823 43540
824 48548
823 53556
827 58564
824 63572
828 68580
822 73588
828 78596
825 83604
828 88612
827 93620
830 98628
828 103636
827 108644
830 113652
827 118660
831 123668
824 128676
830 133684
827 138692
830 143700
828 148708
831 153716
830 158724
828 163732
831 168740
827 173748
831 178756
824 183764
831 188772
827 193780
830 198788
830 203796
832 208804
830 213812
829 218820
831 223828
827 228836
831 233844
825 238852
832 243860
828 248868
831 253876
829 258884
832 263892
829 268900
829 273908
831 278916
827 283924
831 288932
826 293940
831 298948
827 303956
831 308964
829 313972
832 318980
830 323988
829 328996
831 334004
828 339012
832 344020
825 349028
831 354036
827 359044
831 364052
828 369060
832 374068
830 379076
829 384084
830 389092
828 394100
831 399108
826 404116
831 409124
828 414132
831 419140
828 424148
832 429156
830 434164
830 439172
831 444180
827 449188
831 454196
826 459204
832 464212
827 469220
831 474228
828 479236
832 484244
830 489252
PWM: 75
123 116
272 2356
599 7364
746 12372
790 17380
813 22388
826 32404
824 37412
829 42420
829 47428
834 52436
831 57444
832 62452
835 67460
832 72468
835 77476
830 82484
836 87492
832 92500
835 97508
833 102516
836 107524
835 112532
835 117540
836 122548
833 127556
837 132564
831 137572
837 142580
832 147588
837 152596
834 157604
838 162612
835 167620
836 172628
837 177636
834 182644
838 187652
831 192660
838 197668
832 202676
837 207684
835 212692
837 217700
835 222708
836 227716
837 232724
834 237732
837 242740
831 247748
838 252756
833 257764
837 262772
834 267780
838 272788
836 277796
836 282804
837 287812
834 292820
838 297828
831 302836
838 307844
833 312852
837 317860
835 322868
837 327876
837 332884
837 337892
836 342900
835 347908
838 352916
833 357924
838 362932
833 367940
837 372948
834 377956
838 382964
836 387972
836 392980
837 397988
835 402996
838 408004
834 413012
838 418020
832 423028
837 428036
834 433044
838 438052
836 443060
836 448068
836 453076
835 458084
837 463092
833 468100
838 473108
832 478116
838 483124
835 488132
PWM: 80
123 116
170 2148
556 7156
732 12164
795 17172
813 22180
827 27188
827 842
835 37204
831 42212
837 47220
835 52228
840 57236
838 62244
839 67252
840 72260
838 77268
842 82276
838 87284
842 92292
837 97300
842 102308
839 107316
843 112324
840 117332
841 122340
842 127348
840 132356
842 137364
839 142372
843 147380
837 152388
843 157396
839 162404
844 167412
841 172420
842 177428
842 182436
840 187444
843 192452
839 197460
843 202468
837 207476
843 212484
840 217492
844 222500
842 227508
842 232516
843 237524
840 242532
843 247540
840 252548
843 257556
838 262564
843 267572
839 272580
845 277588
841 282596
842 287604
842 292612
840 297620
843 302628
840 307636
843 312644
838 317652
843 322660
839 327668
844 332676
841 337684
843 342692
842 347700
841 352708
844 357716
840 362724
844 367732
838 372740
843 377748
839 382756
845 387764
841 392772
843 397780
843 402788
841 407796
844 412804
840 417812
844 422820
837 427828
844 432836
839 437844
842 442852
842 447860
843 452868
842 457876
841 462884
843 467892
840 472900
843 477908
838 482916
844 487924
PWM: 85
122 124
201 2052
578 7060
752 12068
803 17076
824 22084
833 27092
835 32100
840 37108
839 849
844 47124
839 52132
845 57140
841 62148
846 67156
844 72164
847 77172
845 82180
844 87188
847 92196
843 97204
848 102212
842 107220
848 112228
844 117236
849 122244
845 127252
848 132260
847 137268
846 142276
848 147284
845 152292
848 157300
843 162308
848 167316
843 172324
849 177332
846 182340
848 187348
847 192356
846 197364
848 202372
845 207380
849 212388
843 217396
849 222404
844 227412
848 232420
845 237428
848 242436
848 247444
847 252452
848 257460
845 262468
848 267476
843 272484
848 277492
844 282500
847 287508
846 292516
848 297524
847 302532
846 307540
848 312548
845 317556
849 322564
843 327572
848 332580
845 337588
848 342596
847 347604
848 352612
847 357620
847 362628
848 367636
846 372644
849 377652
843 382660
848 387668
844 392676
848 397684
845 402692
849 407700
847 412708
847 417716
848 422724
845 427732
849 432740
843 437748
848 442756
843 447764
848 452772
847 457780
849 462788
847 467796
847 472804
848 477812
846 482820
848 487828
PWM: 90
122 116
228 1956
600 6964
767 11972
810 16980
831 21988
836 26996
843 32004
844 37012
845 42020
848 47028
846 52036
850 57044
845 853
851 67060
847 72068
851 77076
849 82084
853 87092
850 92100
851 97108
852 102116
849 107124
852 112132
849 117140
853 122148
848 127156
852 132164
849 137172
853 142180
852 147188
852 152196
852 157204
850 162212
853 167220
849 172228
853 177236
848 182244
853 187252
850 192260
854 197268
851 202276
852 207284
852 212292
850 217300
853 222308
849 227316
854 232324
848 237332
852 242340
850 247348
854 252356
852 257364
852 262372
852 267380
851 272388
853 277396
850 282404
854 287412
848 292420
853 297428
850 302436
854 307444
852 312452
852 317460
852 322468
851 327476
853 332484
850 337492
854 342500
849 347508
853 352516
850 357524
854 362532
852 367540
852 372548
852 377556
851 382564
853 387572
850 392580
853 397588
848 402596
853 407604
849 412612
855 417620
851 422628
852 427636
853 432644
850 437652
854 442660
850 447668
853 452676
848 457684
853 462692
850 467700
855 472708
852 477716
852 482724
852 487732
PWM: 95
122 116
247 1860
623 6868
778 11876
818 16884
838 21892
839 26900
848 31908
846 36916
853 41924
852 46932
852 51940
854 56948
852 61956
855 66964
853 71972
851 81988
856 86996
853 92004
857 97012
854 102020
856 107028
856 112036
854 117044
856 122052
854 127060
857 132068
852 137076
857 142084
853 147092
858 152100
855 157108
856 162116
857 167124
855 172132
857 177140
854 182148
857 187156
853 192164
857 197172
853 202180
859 207188
855 212196
856 217204
856 222212
855 227220
857 232228
854 237236
858 242244
852 247252
858 252260
854 257268
859 262276
855 267284
856 272292
857 277300
855 282308
857 287316
854 292324
858 297332
853 302340
857 307348
854 312356
859 317364
856 322372
858 327380
857 332388
855 337396
858 342404
854 347412
858 352420
852 357428
857 362436
854 367444
860 372452
855 377460
857 382468
857 387476
856 392484
858 397492
855 402500
858 407508
853 412516
858 417524
854 422532
858 427540
855 432548
858 437556
857 442564
855 447572
858 452580
855 457588
859 462596
853 467604
857 472612
855 477620
860 482628
856 487636
PWM: 100
121 116
160 1652
603 6660
769 11668
825 16676
838 21684
849 26692
847 31700
855 36708
852 41716
859 46724
856 51732
858 56740
858 61748
857 66756
860 71764
856 76772
861 66398
855 86788
860 91796
857 96804
862 101812
859 106820
861 111828
860 116836
859 121844
861 126852
858 131860
861 136868
856 141876
862 146884
857 151892
863 156900
859 161908
861 166916
861 171924
859 176932
862 181940
858 186948
861 191956
856 196964
862 201972
858 206980
863 211988
859 216996
862 222004
860 227012
860 232020
862 237028
859 242036
863 247044
857 252052
862 257060
857 262068
864 267076
859 272084
861 277092
861 282100
860 287108
862 292116
859 297124
862 302132
857 307140
862 312148
858 317156
864 322164
859 327172
862 332180
861 337188
860 342196
862 347204
859 352212
862 357220
859 362228
862 367236
857 372244
864 377252
859 382260
862 387268
861 392276
860 397284
862 402292
859 407300
862 412308
859 417316
862 422324
858 427332
864 432340
859 437348
862 442356
860 447364
860 452372
861 457380
859 462388
862 467396
858 472404
862 477412
857 482420
864 487428
PWM: 105
122 116
287 3492
670 8500
798 13508
833 18516
849 23524
851 28532
857 33540
856 38548
861 43556
857 48564
864 53572
860 58580
863 63588
862 68596
862 73604
864 78612
861 83620
864 88628
861 93636
864 66398
860 103652
866 108660
862 113668
865 118676
863 123684
863 128692
864 133700
863 138708
865 143716
862 148724
865 153732
861 158740
867 163748
862 168756
865 173764
863 178772
864 183780
865 188788
863 193796
866 198804
862 203812
866 208820
860 213828
867 218836
863 223844
866 228852
864 233860
864 238868
865 243876
864 248884
865 253892
862 258900
865 263908
860 268916
868 273924
863 278932
866 283940
864 288948
864 293956
866 298964
863 303972
867 308980
863 313988
865 318996
861 324004
867 329012
862 334020
867 339028
864 344036
865 349044
865 354052
863 359060
865 364068
863 369076
866 374084
860 379092
867 384100
862 389108
866 394116
864 399124
864 404132
866 409140
863 414148
865 419156
862 424164
866 429172
861 434180
867 439188
862 444196
867 449204
864 454212
865 459220
865 464228
863 469236
866 474244
862 479252
866 484260
860 489268
PWM: 110
123 116
134 324
624 5332
786 10340
836 15348
849 20356
856 25364
860 30372
861 35380
864 40388
862 45396
865 50404
861 55412
869 60420
864 65428
868 70436
866 75444
867 80452
867 85460
866 90468
869 95476
864 100484
863 110500
870 115508
865 120516
869 125524
867 130532
868 135540
868 140548
867 145556
868 150564
866 155572
869 160580
863 165588
871 170596
865 175604
870 180612
867 185620
868 190628
868 195636
867 200644
870 205652
866 210660
869 215668
863 220676
871 225684
866 230692
870 235700
867 240708
868 245716
869 250724
868 255732
869 260740
866 265748
870 270756
865 275764
870 280772
866 285780
870 290788
866 295796
869 300804
869 305812
867 310820
869 315828
866 320836
869 325844
865 330852
869 335860
865 340868
870 345876
867 350884
869 355892
869 360900
868 365908
870 370916
866 375924
869 380932
864 385940
870 390948
865 395956
871 400964
867 405972
869 410980
869 415988
868 420996
870 426004
867 431012
869 436020
864 441028
869 446036
866 451044
871 456052
867 461060
869 466068
869 471076
867 476084
869 481092
867 486100
PWM: 115
122 116
453 4212
737 9220
827 14228
846 19236
860 24244
862 29252
865 34260
866 39268
866 44276
869 49284
867 54292
870 59300
867 64308
870 69316
866 74324
872 79332
869 84340
871 89348
870 94356
870 99364
872 104372
872 114388
869 119396
872 124404
869 129412
873 134420
870 139428
872 144436
871 149444
871 154452
872 159460
870 164468
873 169476
869 174484
873 179492
868 184500
874 189508
869 194516
872 199524
871 204532
870 209540
872 214548
870 219556
873 224564
869 229572
872 234580
867 239588
873 244596
870 249604
872 254612
871 259620
871 264628
872 269636
870 274644
872 279652
870 284660
873 289668
869 294676
874 299684
869 304692
873 309700
871 314708
871 319716
872 324724
870 329732
873 334740
869 339748
872 344756
868 349764
874 354772
870 359780
873 364788
871 369796
871 374804
872 379812
870 384820
873 389828
870 394836
872 399844
868 404852
874 409860
869 414868
872 419876
871 424884
871 429892
873 434900
870 439908
873 444916
871 449924
873 454932
869 459940
874 464948
870 469956
873 474964
871 479972
872 484980
872 489988
PWM: 120
122 124
351 4004
727 9012
820 14020
852 19028
857 24036
868 29044
865 34052
870 39060
870 44068
871 49076
872 54084
871 59092
873 64100
872 69108
874 74116
870 79124
877 84132
871 89140
875 94148
873 99156
873 104164
875 109172
873 114180
876 119188
876 129204
870 134212
877 139220
872 144228
875 149236
874 154244
874 159252
875 164260
873 169268
876 174276
872 179284
875 184292
870 189300
877 194308
872 199316
876 204324
873 209332
874 214340
875 219348
873 224356
876 229364
873 234372
875 239380
871 244388
877 249396
873 254404
876 259412
874 264420
875 269428
875 274436
874 279444
876 284452
873 289460
875 294468
871 299476
878 304484
872 309492
877 314500
874 319508
874 324516
875 329524
874 334532
876 339540
873 344548
876 349556
871 354564
877 359572
873 364580
876 369588
874 374596
875 379604
875 384612
874 389620
876 394628
873 399636
875 404644
871 409652
879 414660
872 419668
876 424676
874 429684
874 434692
875 439700
874 444708
876 449716
873 454724
876 459732
871 464740
879 469748
872 474756
876 479764
874 484772
875 489780
PWM: 125
123 116
217 1860
677 6868
812 11876
852 16884
860 21892
870 26900
867 31908
875 36916
871 41924
876 46932
874 51940
875 56948
875 61956
874 66964
877 71972
874 76980
877 81988
873 86996
880 92004
874 97012
878 102020
876 107028
877 112036
877 117044
879 127060
876 132068
878 137076
874 142084
880 147092
875 152100
879 157108
877 162116
878 167124
878 172132
877 177140
879 182148
877 187156
879 192164
874 197172
881 202180
875 207188
879 212196
877 217204
878 222212
877 227220
877 232228
878 237236
876 242244
880 247252
873 252260
880 257268
875 262276
880 267284
876 272292
878 277300
878 282308
877 287316
878 292324
877 297332
879 302340
876 307348
880 312356
874 317364
880 322372
877 327380
878 332388
879 337396
877 342404
880 347412
877 352420
879 357428
876 362436
880 367444
876 372452
880 377460
876 382468
878 387476
878 392484
877 397492
878 402500
877 407508
878 412516
876 417524
880 422532
874 427540
880 432548
877 437556
878 442564
878 447572
877 452580
879 457588
876 462596
879 467604
877 472612
881 477620
875 482628
880 487636
PWM: 130
122 116
283 1652
700 6660
825 11668
855 16676
867 21684
870 26692
875 31700
874 36708
880 41716
874 46724
880 51732
877 56740
879 61748
880 66756
878 71764
880 76772
878 81780
880 86788
878 91796
882 96804
876 101812
882 106820
878 111828
880 116836
879 121844
879 126852
881 131860
879 136868
881 131951
878 146884
883 151892
877 156900
882 161908
879 166916
882 171924
880 176932
879 181940
881 186948
879 191956
881 196964
880 201972
883 206980
878 211988
882 216996
878 222004
881 227012
880 232020
879 237028
881 242036
879 247044
882 252052
878 257060
883 262068
878 267076
882 272084
879 277092
881 282100
880 287108
881 292116
881 297124
879 302132
881 307140
879 312148
883 317156
876 322164
883 327172
879 332180
882 337188
879 342196
880 347204
881 352212
879 357220
882 362228
879 367236
884 372244
877 377252
882 382260
879 387268
881 392276
880 397284
880 402292
881 407300
880 412308
882 417316
879 422324
883 427332
877 432340
884 437348
878 442356
882 447364
880 452372
880 457380
881 462388
880 467396
882 472404
879 477412
883 482420
877 487428
PWM: 135
123 116
454 3492
765 8500
845 13508
863 18516
871 23524
876 28532
877 33540
879 38548
878 43556
883 48564
878 53572
883 58580
879 63588
883 68596
882 73604
881 78612
882 83620
882 88628
882 93636
881 98644
885 103652
879 108660
885 113668
880 118676
884 123684
882 128692
883 138708
882 143716
884 148724
881 153732
886 158740
879 163748
885 168756
881 173764
884 178772
881 183780
883 188788
883 193796
881 198804
884 203812
883 208820
885 213828
881 218836
886 223844
881 228852
885 233860
882 238868
883 243876
884 248884
883 253892
883 258900
881 263908
886 268916
880 273924
886 278932
880 283940
884 288948
883 293956
884 298964
883 303972
882 308980
884 313988
882 318996
885 324004
880 329012
886 334020
881 339028
885 344036
882 349044
884 354052
883 359060
882 364068
884 369076
882 374084
884 379092
879 384100
886 389108
881 394116
884 399124
882 404132
883 409140
883 414148
882 419156
884 424164
882 429172
884 434180
879 439188
886 444196
880 449204
885 454212
882 459220
883 464228
883 469236
882 474244
883 479252
882 484260
884 489268
PWM: 140
122 116
344 3284
745 8292
838 13300
866 18308
872 23316
878 28324
880 33332
880 38340
883 43348
882 48356
885 53364
882 58372
886 63380
881 68388
885 73396
883 78404
885 83412
886 88420
884 93428
886 98436
884 103444
886 108452
885 113460
888 118468
882 123476
887 128484
884 133492
886 138500
885 143508
886 153524
884 158532
886 163540
884 168548
888 173556
883 178564
887 183572
884 188580
886 193588
886 198596
885 203604
886 208612
884 213620
887 218628
884 223636
889 228644
883 233652
887 238660
884 243668
886 248676
885 253684
885 258692
886 263700
884 268708
887 273716
884 278724
889 283732
883 288740
888 293748
884 298756
885 303764
886 308772
885 313780
886 318788
884 323796
886 328804
884 333812
889 338820
882 343828
887 348836
884 353844
886 358852
885 363860
885 368868
886 373876
884 378884
886 383892
884 388900
888 393908
883 398916
887 403924
885 408932
886 413940
886 418948
885 423956
886 428964
885 433972
886 438980
885 443988
889 448996
883 454004
888 459012
884 464020
886 469028
885 474036
885 479044
886 484052
885 489060
PWM: 145
123 116
459 3076
771 8084
853 13092
867 18100
878 23108
879 28116
883 33124
884 38132
884 43140
885 48148
885 53156
887 58164
886 63172
890 68180
884 73188
888 78196
885 83204
887 88212
888 93220
886 98228
887 103236
886 108244
888 113252
886 118260
890 123268
884 128276
889 133284
886 138292
888 143300
887 148308
888 131961
888 158324
887 163332
889 168340
887 173348
891 178356
884 183364
890 188372
886 193380
888 198388
887 203396
888 208404
889 213412
887 218420
888 223428
887 228436
891 233444
885 238452
889 243460
885 248468
889 253476
887 258484
887 263492
888 268500
887 273508
888 278516
887 283524
891 288532
885 293540
890 298548
886 303556
888 308564
888 313572
887 318580
888 323588
887 328596
888 333604
887 338612
891 343620
886 348628
890 353636
886 358644
889 363652
887 368660
888 373668
888 378676
887 383684
889 388692
887 393700
891 398708
885 403716
890 408724
886 413732
888 418740
887 423748
888 428756
888 433764
887 438772
889 443780
887 448788
891 453796
886 458804
890 463812
886 468820
889 473828
887 478836
888 483844
889 488852
PWM: 150
123 116
647 4916
829 9924
865 14932
880 19940
879 24948
886 29956
884 34964
888 39972
886 44980
887 49988
888 54996
887 60004
889 65012
889 70020
892 75028
886 80036
891 85044
888 90052
890 95060
888 100068
890 105076
890 110084
889 115092
890 120100
889 125108
893 130116
887 135124
892 140132
888 145140
891 150148
890 155156
891 160164
890 165172
889 170180
890 175188
889 180196
893 185204
887 190212
892 195220
888 200228
891 205236
889 210244
890 215252
890 220260
889 225268
890 230276
889 235284
893 240292
887 245300
893 250308
888 255316
891 260324
889 265332
890 270340
890 275348
889 280356
891 285364
890 290372
894 295380
889 300388
892 305396
888 310404
891 315412
889 320420
890 325428
890 330436
889 335444
890 340452
889 345460
892 350468
889 355476
892 360484
888 365492
891 370500
889 375508
890 380516
890 385524
890 390532
891 395540
889 400548
893 405556
889 410564
893 415572
888 420580
892 425588
890 430596
890 435604
890 440612
890 445620
891 450628
889 455636
893 460644
890 465652
893 470660
888 475668
892 480676
889 485684
890 490692
PWM: 155
121 116
168 724
696 5732
836 10740
871 15748
879 20756
887 25764
886 30772
891 35780
887 40788
890 45796
889 50804
891 55812
890 60820
891 65828
891 70836
891 75844
895 80852
891 85860
895 90868
889 95876
893 100884
891 105892
892 110900
892 115908
892 120916
892 125924
891 130932
895 135940
891 140948
895 145956
889 150964
894 155972
890 131965
893 165988
892 170996
892 176004
892 181012
891 186020
896 191028
892 196036
895 201044
889 206052
893 211060
891 216068
892 221076
893 226084
892 231092
893 236100
891 241108
896 246116
892 251124
895 256132
889 261140
894 266148
891 271156
893 276164
892 281172
891 286180
892 291188
891 296196
896 301204
892 306212
895 311220
889 316228
894 321236
890 326244
893 331252
892 336260
892 341268
893 346276
892 351284
896 356292
892 361300
895 366308
889 371316
894 376324
891 381332
893 386340
892 391348
892 396356
893 401364
891 406372
896 411380
892 416388
895 421396
889 426404
894 431412
891 436420
893 441428
892 446436
893 451444
893 456452
891 461460
896 466468
892 471476
895 476484
889 481492
894 486500
PWM: 160
123 116
524 3588
803 8596
863 13604
880 18612
886 23620
887 28628
892 33636
890 38644
894 43652
890 48660
894 53668
891 58676
893 63684
893 68692
894 73700
894 78708
893 83716
896 88724
893 93732
896 98740
891 103748
896 108756
892 113764
895 118772
893 123780
893 128788
895 133796
893 138804
897 143812
893 148820
897 153828
893 158836
896 163844
892 168852
895 173860
893 131964
895 183876
894 188884
894 193892
897 198900
893 203908
897 208916
892 213924
896 218932
892 223940
894 228948
894 233956
895 238964
894 243972
893 248980
897 253988
894 258996
897 264004
893 269012
896 274020
892 279028
895 284036
893 289044
894 294052
894 299060
894 304068
897 309076
894 314084
897 319092
892 324100
896 329108
893 334116
895 339124
894 344132
894 349140
894 354148
893 359156
897 364164
894 369172
897 374180
892 379188
896 384196
893 389204
895 394212
894 399220
894 404228
894 409236
894 414244
895 419252
893 424260
898 429268
892 434276
896 439284
893 444292
895 449300
894 454308
895 459316
894 464324
895 469332
894 474340
895 479348
897 484356
892 489364
PWM: 165
123 116
142 420
701 5428
843 10436
876 15444
884 20452
888 25460
891 30468
892 35476
896 40484
893 45492
897 50500
894 55508
897 60516
893 65524
897 70532
894 75540
896 80548
895 85556
896 90564
898 95572
895 100580
899 105588
895 110596
898 115604
894 120612
897 125620
895 130628
896 135636
897 140644
896 145652
898 150660
895 155668
899 160676
895 165684
898 170692
895 175700
897 131968
895 185716
896 190724
896 195732
896 200740
897 205748
895 210756
899 215764
895 220772
898 225780
893 230788
898 235796
895 240804
896 245812
896 250820
896 255828
897 260836
895 265844
899 270852
896 275860
898 280868
894 285876
898 290884
895 295892
897 300900
896 305908
896 310916
897 315924
896 320932
899 325940
895 330948
898 335956
893 340964
897 345972
895 350980
896 355988
896 360996
895 366004
896 371012
895 376020
900 381028
896 386036
898 391044
894 396052
898 401060
895 406068
897 411076
896 416084
896 421092
897 426100
896 431108
900 436116
896 441124
899 446132
894 451140
898 456148
896 461156
897 466164
896 471172
896 476180
896 481188
896 486196
PWM: 170
122 116
263 3284
741 8292
858 13300
877 18308
889 23316
891 28324
893 33332
895 38340
895 43348
896 48356
896 53364
900 58372
896 63380
899 68388
895 73396
898 78404
896 83412
897 88420
897 93428
897 98436
897 103444
898 108452
901 113460
897 118468
900 123476
895 128484
899 133492
896 138500
898 143508
897 148516
898 153524
898 158532
897 163540
901 168548
897 173556
900 178564
895 131973
900 188580
897 193588
899 198596
898 203604
898 208612
898 213620
898 218628
901 223636
898 228644
901 233652
895 238660
899 243668
896 248676
898 253684
898 258692
898 263700
898 268708
897 273716
901 278724
897 283732
900 288740
897 293748
899 298756
896 303764
899 308772
898 313780
899 318788
898 323796
898 328804
901 333812
897 338820
901 343828
895 348836
899 353844
897 358852
899 363860
897 368868
898 373876
899 378884
897 383892
901 388900
898 393908
900 398916
895 403924
900 408932
897 413940
899 418948
898 423956
898 428964
897 433972
898 438980
901 443988
897 448996
901 454004
895 459012
900 464020
896 469028
898 474036
898 479044
898 484052
898 489060
PWM: 175
123 116
668 5124
848 10132
878 15140
891 20148
890 25156
897 30164
895 35172
897 40180
897 45188
898 50196
898 55204
898 60212
902 65220
899 70228
900 75236
897 80244
901 85252
898 90260
899 95268
899 100276
899 105284
899 110292
899 115300
903 120308
899 125316
901 130324
897 135332
902 140340
897 145348
901 150356
899 155364
900 160372
900 165380
899 170388
903 175396
899 180404
902 185412
898 190420
901 195428
898 200436
901 205444
899 210452
900 215460
899 220468
899 225476
903 230484
900 235492
902 240500
900 245508
902 250516
897 255524
902 260532
899 265540
900 270548
901 275556
900 280564
903 285572
899 290580
902 295588
901 300596
902 305604
898 310612
901 315620
899 320628
901 325636
899 330644
900 335652
903 340660
899 345668
902 350676
899 355684
902 360692
897 365700
901 370708
899 375716
900 380724
900 385732
899 390740
903 395748
899 400756
902 405764
900 410772
902 415780
898 420788
901 425796
900 430804
900 435812
900 440820
899 445828
904 450836
900 455844
903 460852
900 465860
901 470868
898 475876
901 480884
899 485892
900 490900
PWM: 180
122 116
574 4916
825 9924
879 14932
889 19940
896 24948
896 29956
899 34964
896 39972
900 44980
898 49988
900 54996
899 60004
900 65012
904 70020
900 75028
903 80036
901 85044
902 90052
899 95060
902 100068
900 105076
901 110084
901 115092
902 120100
905 125108
901 130116
904 135124
901 140132
903 145140
900 150148
902 155156
901 160164
902 165172
902 170180
901 175188
904 180196
901 185204
904 190212
901 195220
903 200228
900 205236
902 210244
900 215252
902 220260
901 225268
902 230276
904 235284
902 240292
904 245300
901 250308
904 255316
899 260324
903 265332
901 270340
902 275348
902 280356
902 285364
904 290372
902 295380
904 300388
902 305396
903 310404
899 315412
903 320420
901 325428
902 330436
902 335444
902 340452
904 345460
902 350468
904 355476
902 360484
904 365492
899 370500
903 375508
901 380516
902 385524
902 390532
901 395540
904 400548
902 405556
904 410564
901 415572
904 420580
899 425588
903 430596
901 435604
902 440612
901 445620
902 450628
904 455636
902 460644
905 465652
901 470660
904 475668
899 480676
903 485684
901 490692
PWM: 185
123 116
161 724
705 5732
856 10740
885 15748
896 20756
897 25764
901 30772
899 35780
903 40788
899 45796
903 50804
900 55812
902 60820
902 65828
902 70836
905 75844
902 80852
905 85860
902 90868
905 95876
901 100884
904 105892
901 110900
904 115908
902 120916
903 125924
905 130932
903 135940
905 140948
903 145956
906 150964
901 155972
905 160980
902 165988
904 170996
903 176004
904 181012
905 186020
903 191028
906 131973
903 201044
905 206052
902 211060
904 216068
902 221076
904 226084
902 231092
904 236100
905 241108
903 246116
906 251124
904 256132
905 261140
901 266148
904 271156
901 276164
904 281172
902 286180
903 291188
906 296196
903 301204
906 306212
903 311220
905 316228
902 321236
904 326244
902 331252
904 336260
903 341268
904 346276
905 351284
903 356292
905 361300
904 366308
906 371316
901 376324
905 381332
901 386340
904 391348
903 396356
904 401364
905 406372
903 411380
906 416388
903 421396
905 426404
902 431412
904 436420
901 441428
904 446436
903 451444
904 456452
904 461460
904 466468
906 471476
904 476484
906 481492
903 486500
PWM: 190
123 116
552 3588
829 8596
880 13604
892 18612
897 23620
901 28628
900 33636
904 38644
903 43652
905 48660
903 53668
905 58676
902 63684
905 68692
903 73700
904 78708
906 83716
904 88724
907 93732
904 98740
906 103748
904 108756
906 113764
903 118772
906 123780
904 128788
905 133796
907 138804
905 143812
907 148820
905 153828
907 158836
904 163844
906 168852
902 173860
906 178868
904 183876
904 188884
907 193892
905 197514
907 203908
905 208916
907 213924
905 218932
907 223940
903 228948
905 233956
904 238964
905 243972
905 248980
906 253988
907 258996
906 264004
907 269012
905 274020
907 279028
903 284036
906 289044
904 294052
905 299060
905 304068
904 309076
907 314084
905 319092
907 324100
905 329108
907 334116
903 339124
905 344132
903 349140
906 354148
905 359156
905 364164
907 369172
905 374180
907 379188
905 384196
907 389204
903 394212
906 399220
903 404228
906 409236
904 414244
905 419252
908 424260
905 429268
907 434276
906 439284
906 444292
903 449300
906 454308
904 459316
906 464324
904 469332
905 474340
907 479348
905 484356
907 489364
PWM: 195
122 116
123 420
638 5428
848 10436
883 15444
896 20452
899 25460
902 30468
902 35476
904 40484
906 45492
905 50500
906 55508
906 60516
907 65524
903 70532
907 75540
904 80548
906 85556
905 90564
906 95572
909 100580
906 105588
908 110596
907 115604
907 120612
904 125620
907 130628
906 135636
907 140644
906 145652
906 150660
908 155668
907 160676
908 165684
906 170692
908 175700
904 180708
907 185716
904 190724
906 200740
907 205748
909 210756
906 215764
908 220772
907 225780
908 230788
905 235796
907 240804
905 245812
907 250820
906 255828
907 260836
909 265844
906 270852
909 275860
906 280868
908 285876
903 290884
908 295892
905 300900
906 305908
906 310916
907 315924
910 320932
906 325940
908 330948
907 335956
908 340964
905 345972
908 350980
904 355988
907 360996
905 366004
907 371012
909 376020
907 381028
909 386036
907 391044
908 396052
904 401060
907 406068
905 411076
907 416084
906 421092
907 426100
910 431108
906 436116
908 441124
907 446132
908 451140
906 456148
907 461156
905 466164
907 471172
906 476180
906 481188
909 486196
PWM: 200
123 116
208 1236
757 6244
869 11252
894 16260
897 21268
903 26276
902 31284
905 36292
904 41300
906 46308
909 51316
906 56324
909 61332
907 66340
909 71348
905 76356
909 81364
905 86372
908 91380
906 96388
908 101396
911 106404
908 111412
910 116420
908 121428
909 126436
906 131444
909 136452
906 141460
908 146468
906 151476
907 156484
911 161492
908 166500
909 171508
907 176516
909 181524
906 186532
909 191540
907 196548
908 201556
908 211572
911 216580
908 221588
910 226596
908 231604
910 236612
908 241620
908 246628
906 251636
908 256644
906 261652
908 266660
910 271668
908 276676
910 281684
908 286692
910 291700
909 296708
909 301716
906 306724
908 311732
907 316740
908 321748
912 326756
908 331764
910 336772
909 341780
909 346788
909 351796
909 356804
906 361812
909 366820
907 371828
909 376836
911 381844
908 386852
910 391860
908 396868
910 401876
908 406884
910 411892
906 416900
909 421908
907 426916
908 431924
910 436932
907 441940
910 446948
908 451956
910 456964
908 461972
909 466980
906 471988
909 476996
907 482004
909 487012
PWM: 205
123 116
221 1028
757 6036
874 11044
894 16052
902 21060
904 26068
906 31076
905 36084
907 41092
906 46100
908 51108
911 56116
909 61124
910 66132
909 71140
910 76148
909 81156
909 86164
906 91172
910 96180
908 101188
910 106196
912 111204
909 116212
912 121220
909 126228
912 131236
909 136244
910 141252
907 146260
910 151268
908 156276
911 161284
912 166292
910 171300
911 176308
910 181316
911 186324
910 191332
911 196340
907 201348
908 211364
910 216372
911 221380
910 226388
912 231396
910 236404
911 241412
910 246420
911 251428
907 256436
910 261444
908 266452
910 271460
910 276468
909 281476
911 286484
910 291492
911 296500
910 301508
911 306516
907 311524
910 316532
908 321540
910 326548
912 331556
910 336564
912 341572
909 346580
911 351588
910 356596
910 361604
907 366612
910 371620
908 376628
910 381636
912 386644
910 391652
911 396660
910 401668
910 406676
909 411684
911 416692
907 421700
910 426708
908 431716
909 436724
912 441732
910 446740
911 451748
909 456756
911 461764
909 466772
910 471780
907 476788
910 481796
908 486804
PWM: 210
124 116
190 820
762 5828
873 10836
897 15844
903 20852
906 25860
907 30868
908 35876
908 40884
910 45892
908 50900
910 55908
912 60916
910 65924
912 70932
911 75940
912 80948
911 85956
911 90964
909 95972
912 100980
908 105988
911 110996
912 116004
910 121012
913 126020
911 131028
913 136036
911 141044
911 146052
909 151060
912 156068
909 161076
911 166084
912 171092
911 176100
912 181108
911 186116
912 191124
911 196132
912 201140
909 197519
912 211156
909 216164
911 221172
912 226180
911 231188
913 236196
911 241204
912 246212
911 251220
912 256228
910 261236
911 266244
909 271252
911 276260
912 281268
911 286276
912 291284
911 296292
913 301300
910 306308
912 311316
909 316324
912 321332
909 326340
911 331348
912 336356
911 341364
913 346372
911 351380
912 356388
912 361396
911 366404
910 371412
912 376420
909 381428
911 386436
912 391444
912 396452
912 401460
911 406468
913 411476
911 416484
912 421492
909 426500
911 431508
909 436516
911 441524
912 446532
912 451540
913 456548
911 461556
912 466564
912 471572
912 476580
911 481588
912 486596
PWM: 215
123 124
597 3684
849 8692
893 13700
902 18708
908 23716
908 28724
910 33732
909 38740
912 43748
911 48756
912 53764
910 58772
912 63780
912 68788
911 73796
913 78804
912 83812
913 88820
912 93828
913 98836
912 103844
913 108852
909 113860
912 118868
913 123876
912 128884
913 133892
912 138900
914 143908
912 148916
913 153924
912 158932
912 163940
910 168948
912 173956
913 178964
912 183972
914 188980
912 193988
913 198996
913 204004
913 209012
912 214020
913 197518
910 224036
912 229044
913 234052
912 239060
915 244068
912 249076
914 254084
913 259092
914 264100
913 269108
913 274116
910 279124
913 284132
912 289140
913 294148
914 299156
913 304164
913 309172
912 314180
913 319188
912 324196
913 329204
910 334212
913 339220
911 344228
912 349236
914 354244
912 359252
914 364260
913 369268
914 374276
913 379284
913 384292
910 389300
913 394308
911 399316
913 404324
914 409332
912 414340
914 419348
912 424356
913 429364
913 434372
913 439380
910 444388
912 449396
910 454404
913 459412
914 464420
913 469428
913 474436
912 479444
913 484452
912 489460
PWM: 220
124 116
131 516
734 5524
871 10532
898 15540
905 20548
908 25556
911 30564
910 35572
913 40580
912 45588
913 50596
912 55604
913 60612
911 65620
913 70628
911 75636
913 80644
914 85652
914 90660
914 95668
914 100676
914 105684
913 110692
914 115700
910 120708
914 125716
912 130724
913 135732
915 140740
913 145748
915 150756
914 155764
914 160772
914 165780
914 170788
911 175796
914 180804
912 185812
913 190820
916 195828
914 200836
914 205844
914 210852
914 220868
914 225876
911 230884
914 235892
911 240900
914 245908
915 250916
914 255924
915 260932
914 265940
914 270948
914 275956
914 280964
911 285972
914 290980
911 295988
914 300996
915 306004
913 311012
915 316020
914 321028
914 326036
914 331044
915 336052
911 341060
914 346068
912 351076
914 356084
915 361092
914 366100
915 371108
914 376116
914 381124
914 386132
913 391140
912 396148
914 401156
912 406164
913 411172
916 416180
914 421188
915 426196
913 431204
915 436212
914 441220
914 446228
911 451236
914 456244
912 461252
914 466260
915 471268
913 476276
915 481284
914 486292
PWM: 225
122 116
122 1332
671 6340
866 11348
895 16356
907 21364
907 26372
911 31380
913 36388
912 41396
914 46404
914 51412
915 56428
914 61428
914 66436
912 71444
915 76452
912 81460
915 86468
916 91476
915 96484
916 101492
915 106500
915 111508
914 116516
915 121524
913 126532
915 131540
912 136548
915 141556
916 146564
915 151572
916 156580
915 161588
915 166596
915 171604
916 176612
915 181620
915 186628
912 191636
915 196644
917 201652
915 206660
916 211668
915 216676
916 197524
915 226692
915 231700
915 236708
915 241716
913 246724
916 251732
917 256740
914 261748
916 266756
915 271764
916 276772
915 281780
916 286788
915 291796
915 296804
913 301812
915 306820
916 311828
915 316836
916 321844
915 326852
915 331860
915 336868
916 341876
915 346884
915 351892
912 356900
915 361908
916 366916
915 371924
916 376932
914 381940
916 386948
915 391956
916 396964
915 401972
915 406980
912 411988
915 416996
916 422004
916 427012
916 432020
915 437028
917 442036
915 447044
916 452052
915 457060
915 462068
912 467076
915 472084
917 477092
915 482100
916 487108
PWM: 230
123 116
532 3172
847 8180
895 13188
906 18196
910 23204
913 28212
911 33220
914 38228
915 43236
914 48244
916 53252
915 58260
915 63268
915 68276
916 73284
915 78292
916 83300
913 88308
915 93316
917 98324
915 103332
916 108340
916 113348
916 118356
916 123364
917 128372
916 133380
917 138388
913 143396
916 148404
917 153412
916 158420
917 163428
916 168436
917 173444
916 178452
916 183460
916 188468
916 193476
914 198484
916 203492
916 208500
917 213508
917 218516
916 223524
917 197525
916 233540
917 238548
916 243556
917 248564
914 253572
916 258580
918 263588
916 268596
917 273604
916 278612
918 283620
917 288628
916 293636
917 298644
917 303652
914 308660
916 313668
918 318676
917 323684
917 328692
916 333700
917 338708
916 343716
916 348724
916 353732
916 358740
913 363748
916 368756
916 373764
917 378772
918 383780
916 388788
916 393796
916 398804
917 403812
916 408820
916 413828
913 418836
917 423844
916 428852
916 433860
917 438868
916 443876
917 448884
916 453892
917 458900
916 463908
917 468916
915 473924
917 478932
916 483940
916 488948
PWM: 235
123 116
728 5012
877 10020
903 15028
909 20036
912 25044
913 30052
915 35060
913 40068
916 45076
916 50084
915 55092
917 60100
916 65108
918 70116
917 75124
917 80132
917 85140
917 90148
915 95156
917 100164
917 105172
917 110180
918 115188
917 120196
917 125204
918 130212
917 135220
917 140228
917 145236
915 150244
917 155252
917 160260
917 165268
918 170276
917 175284
918 180292
917 185300
918 190308
918 195316
918 200324
915 205332
917 210340
917 215348
917 220356
917 225364
918 230372
918 235380
917 240388
918 245396
917 250404
918 255412
915 260420
918 265428
917 270436
917 275444
919 280452
917 285460
918 290468
917 295476
917 300484
917 305492
917 310500
916 315508
918 320516
917 325524
918 330532
918 335540
918 340548
917 345556
918 350564
918 355572
917 360580
918 365588
915 370596
917 375604
917 380612
918 385620
918 390628
917 395636
918 400644
918 405652
917 410660
918 415668
917 420676
917 425684
917 430692
917 435700
917 440708
918 445716
918 450724
918 455732
917 460740
919 465748
917 470756
918 475764
918 480772
918 485780
917 490788
PWM: 240
123 116
718 4804
878 9812
903 14820
911 19828
914 24836
915 29844
915 34852
916 39860
917 44868
918 49876
916 54884
917 59892
919 64900
917 69908
919 74916
918 79924
919 84932
918 89940
918 94948
919 99956
918 104964
918 109972
919 114980
918 119988
918 124996
918 130004
918 135012
918 140020
918 145028
919 150036
918 155044
919 160052
918 165060
918 170068
919 175076
918 180084
919 185092
918 190100
918 195108
919 200116
918 205124
919 210132
918 215140
918 220148
918 225156
918 230164
919 235172
919 240180
919 245188
919 250196
918 255204
919 260212
918 265220
919 270228
918 275236
919 280244
919 285252
918 290260
919 295268
919 300276
918 305284
919 310292
918 315300
919 320308
918 325316
918 330324
919 335332
919 340340
919 345348
919 350356
918 355364
919 360372
918 365380
919 370388
918 375396
919 380404
916 385412
919 390420
920 395428
918 400436
919 405444
919 410452
919 415460
918 420468
918 425476
918 430484
918 435492
916 440500
918 445508
919 450516
918 455524
919 460532
919 465540
918 470548
918 475556
919 480564
918 485572
919 490580
PWM: 245
123 116
312 1636
815 6644
892 11652
908 16660
913 21668
916 26676
916 31684
917 36692
918 41700
918 46708
918 51716
920 56724
917 61732
919 66740
920 71748
918 76756
920 81764
919 86772
920 91780
919 96788
919 101796
919 106804
919 111812
917 116820
919 121828
919 126836
920 131844
919 136852
920 141860
919 146868
919 151876
920 156884
920 161892
920 166900
917 171908
919 176916
920 181924
919 186932
920 191940
919 196948
919 201956
919 206964
919 211972
920 216980
920 221988
918 226996
920 197528
920 237012
920 242020
919 247028
919 252036
920 257044
920 262052
920 267060
919 272068
920 277076
917 282084
919 287092
920 292100
919 297108
921 302116
919 307124
920 312132
920 317140
919 322148
920 327156
919 332164
917 337172
920 342180
920 347188
920 352196
920 357204
919 362212
920 367220
920 372228
920 377236
919 382244
920 387252
917 392260
919 397268
921 402276
920 407284
920 412292
920 417300
920 422308
919 427316
919 432324
919 437332
919 442340
918 447348
919 452356
920 457364
920 462372
919 467380
919 472388
920 477396
919 482404
920 487412
PWM: 250
123 116
600 3476
864 8484
901 13492
912 18500
916 23508
917 28516
918 33524
919 38532
919 43540
919 48548
919 53556
919 58564
920 63572
918 68580
920 73588
920 78596
919 83604
920 88612
920 93620
921 98628
921 103636
920 108644
921 113652
921 118660
919 123668
920 128676
920 133684
921 138692
921 143700
921 148708
920 153716
921 158724
921 163732
920 168740
921 173748
920 178756
921 183764
921 188772
920 193780
921 198788
921 203796
921 208804
921 213812
921 218820
920 223828
920 228836
920 233844
921 197528
921 243860
920 248868
921 253876
920 258884
920 263892
920 268900
920 273908
921 278916
921 283924
920 288932
921 293940
921 298948
921 303956
921 308964
920 313972
921 318980
921 323988
920 328996
921 334004
921 339012
921 344020
921 349028
920 354036
921 359044
921 364052
921 369060
920 374068
921 379076
921 384084
920 389092
920 394100
920 399108
921 404116
921 409124
920 414132
920 419140
921 424148
920 429156
921 434164
920 439172
921 444180
921 449188
920 454196
921 459204
921 464212
921 469220
921 474228
920 479236
921 484244
920 489252
PWM: 255
123 120
133 304
763 5312
888 10320
908 15328
914 20336
918 25344
919 30352
919 35360
920 40368
920 45376
921 50384
920 55392
921 60400
921 65408
921 70416
920 75424
921 80432
921 85440
922 90448
921 95456
921 100464
922 105472
921 110480
921 115488
921 120496
921 125504
922 130512
921 135520
922 140528
921 145536
922 150544
921 155552
922 160560
922 165568
921 170576
921 175584
923 180592
922 185600
922 190608
921 195616
921 200624
922 205632
922 210640
921 215648
922 220656
922 225664
921 230672
921 197530
922 240688
922 245696
921 250704
922 255712
921 260720
922 265728
922 270736
921 275744
921 280752
922 285760
922 290768
922 295776
921 300784
921 305792
921 310800
922 315808
922 320816
922 325824
921 330832
921 335840
922 340848
922 345856
922 350864
921 355872
921 360880
922 365888
921 370896
922 375904
921 380912
921 385920
921 390928
921 395936
922 400944
921 405952
922 410960
921 415968
922 420976
922 425984
921 430992
921 436000
922 441008
921 446016
922 451024
921 456032