PWM: 0
-1 24
65 5192
65 10104
67 15112
67 20120
67 25128
68 30136
69 35144
70 40152
70 45160
70 50168
71 55176
72 60184
72 65192
72 70200
72 75208
73 80216
74 85224
73 90232
74 95240
73 100248
74 105256
74 110264
74 115272
75 120280
75 125288
75 130296
75 135304
75 140312
76 145320
76 150328
76 155336
76 160344
75 165352
77 170360
76 175368
77 180376
77 185384
77 190392
78 195400
77 200408
77 205416
77 210424
77 215432
78 220440
78 225448
78 230456
78 235464
77 240472
78 245480
78 250488
78 255496
78 260504
78 265512
78 270520
78 275528
79 280536
78 285544
79 290552
78 295560
79 300568
79 305576
79 310584
79 315592
79 320600
79 325608
79 330616
79 335624
79 340632
79 345640
79 350648
79 355656
80 360664
79 365672
79 370680
80 375688
78 380696
79 385704
79 390712
79 395720
80 400728
80 405736
80 410744
80 415752
80 420760
79 425768
80 430776
79 435784
80 440792
80 445800
79 450808
80 455816
80 460824
80 465832
80 470840
80 475848
80 480856
79 485864
80 490872
80 495880
PWM: 5
-1 500988
123 116
154 4740
214 9748
271 14756
314 19764
349 24772
372 29780
390 34788
404 39796
412 44804
421 49812
425 54820
432 59828
434 64836
438 69844
440 74852
442 79860
443 84868
442 89876
443 94884
442 99892
444 104900
443 109908
445 114916
444 119924
446 124932
445 129940
446 134948
447 139956
446 144964
447 149972
446 154980
448 159988
446 164996
448 170004
447 175012
449 180020
448 185028
449 190036
449 195044
449 200052
450 205060
448 210068
450 215076
448 220084
451 225092
449 230100
451 235108
450 240116
451 245124
450 250132
451 255140
452 260148
450 265156
452 270164
449 275172
453 280180
450 285188
452 290196
451 295204
452 300212
452 305220
452 310228
453 315236
451 320244
453 325252
450 330260
452 335268
451 340276
453 345284
452 350292
452 355300
452 360308
452 365316
453 370324
451 375332
453 380340
450 385348
453 390356
452 395364
453 400372
452 405380
453 410388
453 415396
453 420404
453 425412
452 430420
454 435428
451 440436
454 445444
452 450452
454 455460
453 460468
454 465476
453 470484
454 475492
453 480500
452 485508
454 490516
PWM: 10
-1 1001720
125 120
143 2376
238 7384
335 12392
404 17400
455 22408
487 27416
509 32424
525 37432
533 42440
543 47448
544 52456
553 57464
552 62472
558 67480
558 72488
561 77496
561 82504
562 87512
563 92520
562 97528
564 102536
561 107544
565 112552
562 117560
566 122568
565 127576
566 132584
566 137592
567 142600
567 147608
566 152616
568 157624
565 162632
569 167640
566 172648
570 177656
567 182664
569 187672
568 192680
569 197688
570 202696
568 207704
570 212712
566 217720
570 222728
568 227736
571 232744
569 237752
571 242760
569 247768
570 252776
570 257784
569 262792
571 267800
569 272808
571 277816
568 282824
572 493160
569 498168
571 297848
570 302856
571 307864
571 312872
570 317880
571 322888
570 327896
572 332904
569 337912
572 342920
570 347928
572 352936
571 357944
572 362952
572 367960
570 372968
572 377976
570 382984
572 387992
569 393000
573 398008
570 403016
573 408024
571 413032
572 418040
572 423048
570 428056
572 433064
570 438072
573 443080
569 448088
573 453096
571 458104
572 463112
571 468120
572 473128
572 478136
571 483144
573 488152
PWM: 15
-1 1502460
124 116
167 2964
309 7972
418 12980
496 17988
541 22996
571 28004
589 33012
600 38020
609 43028
613 48036
619 53044
619 58052
625 63060
624 68068
628 73076
628 78084
630 83092
630 88100
630 93108
632 98116
630 103124
633 108132
629 113140
633 118148
632 123156
634 128164
633 133172
634 138180
634 143188
633 148196
635 153204
634 158212
636 163220
631 168228
636 173236
633 178244
637 183252
635 188260
636 193268
635 198276
635 203284
637 208292
635 213300
637 218308
633 223316
637 228324
635 233332
637 238340
636 243348
637 248356
636 253364
636 258372
638 283412
635 288420
638 293428
636 298436
638 303444
637 308452
636 313460
638 318468
636 323476
638 328484
634 333492
638 338500
635 343508
639 348516
637 353524
638 358532
637 363540
637 368548
638 373556
637 378564
639 383572
634 388580
638 393588
636 398596
639 403604
636 408612
638 413620
637 418628
637 423636
639 428644
637 433652
639 438660
634 443668
639 448676
635 453684
639 458692
637 463700
638 468708
638 473716
638 478724
638 483732
638 488740
PWM: 20
-1 2003192
125 120
149 1512
297 6520
444 11528
533 16536
588 21544
618 26552
636 31560
648 36568
654 41576
662 46584
661 51592
668 56600
666 61608
672 66616
671 71624
673 76632
673 81640
674 86648
675 91656
675 96664
676 101672
673 106680
678 111688
674 116696
679 121704
677 126712
678 131720
678 136728
677 141736
679 146744
679 151752
680 156760
675 161768
680 166776
677 171784
681 176792
678 181800
680 186808
679 191816
679 196824
680 201832
679 206840
681 211848
677 216856
681 221864
677 226872
681 231880
679 236888
681 241896
680 246904
680 251912
681 256920
681 261928
682 266936
678 271944
682 276952
678 281960
682 286968
679 291976
682 296984
680 301992
680 307000
681 312008
678 317016
682 322024
677 327032
682 332040
678 337048
682 342056
680 347064
682 352072
681 357080
681 362088
681 367096
679 372104
682 377112
678 382120
683 387128
678 392136
682 397144
679 402152
682 407160
680 412168
681 417176
681 422184
679 427192
682 432200
677 437208
682 442216
678 447224
683 452232
680 457240
681 462248
681 467256
681 472264
682 477272
680 482280
682 487288
PWM: 25
-1 2503932
124 116
177 2100
373 7108
511 12116
596 17124
639 22132
663 27140
678 32148
685 37156
693 42164
694 47172
700 52180
698 57188
705 62196
703 67204
706 72212
706 77220
707 82228
708 87236
706 92244
709 97252
706 102260
709 107268
705 112276
710 117284
708 122292
710 127300
709 132308
710 137316
711 142324
709 147332
711 152340
710 157348
712 162356
707 167364
712 172372
709 177380
712 182388
710 187396
712 192404
711 197412
710 202420
713 207428
710 212436
713 217444
708 222452
713 227460
710 232468
713 237476
711 242484
712 247492
713 252500
711 257508
713 262516
710 267524
713 272532
709 277540
714 282548
710 287556
713 292564
712 297572
713 302580
713 307588
711 312596
713 317604
711 322612
714 327620
709 332628
714 337636
711 342644
714 347652
711 352660
713 357668
713 362676
711 367684
714 372692
711 377700
714 382708
709 387716
714 392724
710 397732
714 402740
711 407748
713 412756
712 417764
712 422772
713 427780
711 432788
714 437796
709 442804
714 447812
710 452820
714 457828
711 462836
713 467844
713 472852
712 477860
714 482868
711 487876
PWM: 30
-1 3004668
127 116
372 2692
561 7700
646 12708
681 17716
700 22724
710 27732
715 32740
721 37748
721 42756
727 47764
723 52772
730 57780
727 62788
732 67796
730 72804
732 77812
732 82820
732 87828
734 92836
732 97844
734 102852
729 107860
735 112868
731 117876
736 122884
733 127892
735 132900
734 137908
733 142916
736 147924
734 152932
736 157940
731 162948
737 167956
733 172964
737 177972
734 182980
737 187988
736 192996
735 198004
737 203012
735 208020
738 213028
731 218036
738 223044
733 228052
737 233060
735 238068
737 243076
736 248084
735 253092
737 258100
735 263108
737 268116
733 273124
738 278132
735 283140
738 288148
735 293156
737 298164
736 303172
736 308180
737 313188
736 318196
738 323204
733 328212
738 333220
733 338228
738 343236
735 348244
737 353252
737 358260
736 363268
738 368276
736 373284
738 378292
732 383300
738 388308
734 393316
738 398324
735 403332
737 408340
736 413348
736 418356
737 423364
736 428372
738 433380
733 438388
739 443396
734 448404
739 453412
735 458420
737 463428
736 468436
736 473444
738 478452
736 483460
738 488468
PWM: 35
-1 3505404
125 116
205 3284
448 8292
590 13300
667 18308
702 23316
719 28324
731 33332
736 38340
742 43348
739 48356
748 53364
744 58372
750 63380
749 68388
751 73396
750 78404
751 83412
752 88420
752 93428
754 98436
749 103444
755 108452
750 113460
756 118468
752 123476
754 128484
753 133492
754 138500
755 143508
754 148516
756 153524
752 158532
757 163540
752 168548
757 173556
753 178564
756 183572
754 188580
754 193588
756 198596
755 203604
756 208612
752 213620
757 218628
752 223636
758 228644
754 233652
757 238660
755 243668
755 248676
756 253684
755 258692
757 263700
753 268708
757 273716
752 278724
757 283732
754 288740
757 293748
755 298756
756 303764
756 308772
756 313780
757 318788
754 323796
758 328804
753 333812
758 338820
754 343828
758 348836
755 353844
756 358852
757 363860
756 368868
758 373876
754 378884
758 383892
753 388900
758 393908
755 398916
757 403924
756 408932
756 413940
757 418948
756 423956
757 428964
754 433972
757 438980
752 443988
757 448996
754 454004
758 459012
755 464020
756 469028
757 474036
756 479044
758 484052
754 489060
PWM: 40
-1 4006140
125 116
278 3876
506 8884
641 13892
699 18900
728 23908
743 28916
750 33924
757 38932
757 43940
764 48948
759 53956
767 58964
763 63972
768 68980
766 73988
767 78996
768 84004
768 89012
770 94020
767 99028
771 104036
765 109044
771 114052
768 119060
771 124068
769 129076
770 134084
771 139092
770 144100
772 149108
769 154116
772 159124
767 164132
773 169140
768 174148
772 179156
771 184164
771 189172
771 194180
771 199188
772 204196
770 209204
773 214212
767 219220
773 224228
769 229236
773 234244
770 239252
772 244260
772 249268
772 254276
774 259284
770 264292
773 269300
768 274308
773 279316
769 284324
773 289332
771 294340
772 299348
772 304356
772 309364
773 314372
770 319380
773 324388
768 329396
774 334404
769 339412
773 344420
770 349428
772 354436
772 359444
772 364452
773 369460
770 374468
774 379476
768 384484
774 389492
769 394500
773 399508
771 404516
772 409524
772 414532
773 419540
773 424548
771 429556
774 434564
768 439572
774 444580
769 449588
774 454596
771 459604
773 464612
772 469620
772 474628
773 479636
771 484644
774 489652
PWM: 45
-1 4506876
125 116
329 4468
565 9476
674 14484
726 19492
749 24500
761 29508
768 34516
770 39524
776 44532
772 49540
779 54548
776 59556
782 64564
779 69572
781 74580
782 79588
782 84596
783 89604
781 94612
784 99620
779 104628
785 109636
780 114644
785 119652
782 124660
784 129668
784 134676
784 139684
784 144692
783 149700
785 154708
780 159716
787 164724
781 169732
786 174740
783 179748
786 184756
785 189764
786 194772
786 199780
783 204788
787 209796
781 214804
786 219812
782 224820
787 229828
784 234836
786 239844
785 244852
786 249860
785 254868
784 259876
787 264884
781 269892
787 274900
782 279908
787 284916
784 289924
786 294932
785 299940
785 304948
786 309956
784 314964
787 319972
782 324980
787 329988
782 334996
787 340004
783 345012
786 350020
785 355028
785 360036
786 365044
785 370052
787 375060
783 380068
787 385076
782 390084
787 395092
783 400100
786 405108
785 410116
784 415124
786 420132
785 425140
787 430148
783 435156
787 440164
782 445172
787 450180
784 455188
787 460196
785 465204
784 470212
786 475220
784 480228
787 485236
783 490244
PWM: 50
-1 5007612
125 116
414 5060
614 10068
710 15076
749 20084
768 25092
776 30100
780 35108
786 40116
784 45124
790 50132
787 55140
792 60148
789 65156
793 70164
792 75172
792 80180
794 85188
793 90196
796 95204
792 100212
797 105220
791 110228
797 115236
793 120244
796 125252
795 130260
795 135268
796 140276
795 145284
797 150292
793 155300
798 160308
792 165316
798 170324
794 175332
797 180340
795 185348
796 190356
797 195364
795 200372
798 205380
794 210388
797 215396
793 220404
799 225412
794 230420
798 235428
796 240436
796 245444
797 250452
796 255460
798 260468
794 265476
799 270484
793 275492
798 280500
794 285508
797 290516
796 295524
797 300532
797 305540
796 310548
798 315556
794 320564
799 325572
793 330580
799 335588
794 340596
798 345604
796 350612
796 355620
797 360628
796 365636
798 370644
795 375652
799 380660
793 385668
799 390676
794 395684
798 400692
796 405700
797 410708
798 415716
797 420724
798 425732
795 430740
799 435748
793 440756
799 445764
794 450772
798 455780
796 460788
797 465796
797 470804
797 475812
798 480820
795 485828
798 490836
PWM: 55
-1 5508348
127 116
282 3604
565 8612
696 13620
751 18628
774 23636
784 28644
791 33652
793 38660
799 43668
794 48676
802 53684
798 58692
804 63700
801 68708
803 73716
803 78724
804 83732
806 88740
802 93748
807 98756
801 103764
807 108772
803 113780
806 118788
804 123796
805 128804
805 133812
806 138820
806 143828
803 148836
807 153844
801 158852
808 163860
803 168868
807 173876
805 178884
806 183892
806 188900
807 193908
807 198916
804 203924
808 208932
802 213940
808 218948
804 223956
808 228964
805 233972
807 238980
806 243988
807 248996
808 254004
805 259012
808 264020
803 269028
808 274036
804 279044
809 284052
805 289060
807 294068
806 299076
807 304084
808 309092
805 314100
808 319108
803 324116
809 329124
803 334132
808 339140
805 344148
807 349156
807 354164
808 359172
807 364180
806 369188
809 374196
803 379204
809 384212
804 389220
808 394228
805 399236
807 404244
807 409252
807 414260
808 419268
806 424276
808 429284
803 434292
808 439300
803 444308
808 449316
806 454324
808 459332
807 464340
808 469348
808 474356
806 479364
809 484372
802 489380
PWM: 60
-1 6009084
125 116
322 4196
594 9204
719 14212
766 19220
787 24228
797 29236
799 34244
806 39252
802 44260
811 49268
806 54276
812 59284
810 64292
812 69300
812 74308
813 79316
813 84324
811 89332
815 94340
810 99348
815 104356
810 109364
815 114372
813 119380
814 124388
814 129396
815 134404
815 139412
814 144420
816 149428
812 154436
816 159444
811 164452
817 169460
813 174468
816 179476
815 184484
816 189492
816 194500
814 199508
817 204516
813 209524
818 214532
811 219540
816 224548
814 229556
816 234564
815 239572
817 244580
816 249588
814 254596
817 259604
813 264612
817 269620
812 274628
817 279636
814 284644
816 289652
815 294660
816 299668
816 304676
814 309684
817 314692
812 319700
817 324708
812 329716
817 334724
814 339732
816 344740
815 349748
816 354756
816 359764
815 364772
817 369780
813 374788
817 379796
812 384804
818 389812
813 394820
816 399828
815 404836
816 409844
816 414852
815 419860
818 424868
814 429876
818 434884
812 439892
817 444900
814 449908
817 454916
815 459924
817 464932
816 469940
815 474948
817 479956
814 484964
818 489972
PWM: 65
-1 6509820
125 116
396 4788
649 9796
745 14812
784 19812
799 24820
805 29828
812 34836
812 39844
818 44852
812 49860
820 54868
817 59876
820 64884
819 69892
822 74900
821 79908
820 84916
823 89924
819 94932
823 99940
817 104948
823 109956
819 114964
824 119972
822 124980
824 129988
823 134996
822 140004
823 145012
821 150020
824 155028
819 160036
825 165044
820 170052
824 175060
822 180068
825 185076
823 190084
823 195092
824 200100
821 205108
825 210116
818 215124
825 220132
820 225140
824 230148
823 235156
824 240164
823 245172
822 250180
824 255188
822 260196
825 265204
819 270212
824 275220
820 280228
824 285236
822 290244
825 295252
824 300260
822 305268
825 310276
821 315284
825 320292
819 325300
825 330308
821 335316
824 340324
822 345332
824 350340
824 355348
823 360356
825 365364
821 370372
825 375380
819 380388
825 385396
820 390404
825 395412
822 400420
825 405428
824 410436
823 415444
825 420452
821 425460
825 430468
819 435476
825 440484
820 445492
825 450500
823 455508
825 460516
824 465524
824 470532
825 475540
821 480548
825 485556
819 490564
PWM: 70
-1 7010556
126 116
125 372
476 5380
687 10388
769 826
797 20404
809 25412
817 30420
817 35428
823 40436
820 45444
826 50452
822 55460
827 60468
825 65476
829 70484
827 75492
828 80500
829 85508
827 90516
831 95524
824 100532
831 105540
826 110548
831 115556
828 120564
831 125572
830 130580
829 135588
830 140596
828 145604
831 150612
825 155620
831 160628
827 165636
831 170644
828 175652
832 180660
830 185668
830 190676
831 195684
828 200692
832 205700
826 210708
832 215716
827 220724
832 225732
829 230740
832 235748
830 240756
831 245764
831 250772
829 255780
831 260788
826 265796
832 270804
827 275812
832 280820
828 285828
833 290836
830 295844
831 300852
831 305860
829 310868
832 315876
828 320884
833 325892
827 330900
832 335908
828 340916
831 345924
831 350932
831 355940
831 360948
829 365956
832 370964
829 375972
832 380980
826 385988
832 390996
828 396004
830 401012
830 406020
831 411028
831 416036
828 421044
833 426052
828 431060
832 436068
827 441076
832 446084
829 451092
831 456100
830 461108
831 466116
831 471124
829 476132
832 481140
829 486148
PWM: 75
-1 7511288
125 120
357 4040
644 9048
761 14056
799 839
814 24072
822 29080
824 34088
829 39096
827 44104
833 49112
829 54120
834 59128
832 64136
834 69144
833 74152
835 79160
835 84168
833 89176
836 94184
833 99192
837 104200
831 109208
837 114216
834 119224
836 124232
835 129240
836 134248
837 139256
835 144264
838 149272
835 154280
838 159288
832 164296
837 169304
833 174312
837 179320
836 184328
838 189336
837 194344
835 199352
838 204360
834 209368
839 214376
832 219384
838 224392
834 229400
836 234408
835 239416
838 244424
837 249432
835 254440
838 259448
834 264456
838 269464
832 274472
838 279480
835 284488
837 289496
836 294504
838 299512
836 304520
836 309528
838 314536
834 319544
839 324552
833 329560
838 334568
834 339576
838 344584
836 349592
838 354600
837 359608
836 364616
838 369624
834 374632
838 379640
833 384648
838 389656
835 394664
837 399672
836 404680
838 409688
837 414696
836 419704
838 424712
834 429720
839 434728
833 439736
839 444744
834 449752
838 454760
837 459768
838 464776
837 469784
836 474792
838 479800
835 484808
838 489816
PWM: 80
-1 8012028
126 116
203 1668
569 6676
742 11684
796 16692
818 21700
827 26708
835 36724
833 41732
839 46740
834 51748
840 56756
837 61764
840 66772
839 71780
841 76788
841 81796
840 86804
842 91812
839 96820
842 101828
837 106836
843 111844
839 116852
842 121860
840 126868
843 131876
842 136884
841 141892
843 146900
840 151908
844 156916
838 161924
843 166932
839 171940
843 176948
841 181956
845 186964
842 191972
842 196980
843 201988
840 206996
844 212004
839 217012
844 222020
839 227028
843 232036
841 237044
844 242052
842 247060
842 252068
843 257076
840 262084
844 267092
839 272100
844 277108
840 282116
844 287124
841 292132
845 297140
842 302148
843 307156
844 312164
840 317172
844 322180
839 327188
845 332196
839 337204
844 342212
841 347220
844 352228
842 357236
842 362244
844 367252
841 372260
844 377268
839 382276
844 387284
839 392292
843 397300
841 402308
845 407316
842 412324
842 417332
843 422340
840 427348
844 432356
838 437364
844 442372
839 447380
844 452388
841 457396
845 462404
842 467412
842 472420
844 477428
841 482436
844 487444
PWM: 85
-1 8512760
125 120
444 4312
706 9320
788 14328
820 19336
829 24344
835 29352
840 34360
839 39368
844 44376
841 49384
846 54392
846 64408
844 69416
848 74424
846 79432
846 84440
847 89448
844 94456
848 99464
845 104472
848 109480
843 114488
848 119496
845 124504
849 129512
847 134520
847 139528
848 144536
846 149544
849 154552
845 159560
849 164568
844 169576
848 174584
845 179592
851 184600
847 189608
848 194616
848 199624
846 204632
849 209640
845 214648
850 219656
844 224664
849 229672
845 234680
850 239688
848 244696
848 249704
849 254712
846 259720
849 264728
846 269736
850 274744
844 279752
849 284760
846 289768
850 294776
847 299784
848 304792
849 309800
846 314808
849 319816
845 324824
849 329832
844 334840
849 339848
846 344856
850 349864
847 354872
849 359880
848 364888
846 369896
849 374904
845 379912
850 384920
844 389928
849 394936
846 399944
850 404952
847 409960
849 414968
848 419976
847 424984
849 429992
846 435000
849 440008
844 445016
849 450024
846 455032
850 460040
847 465048
848 470056
849 475064
847 480072
849 485080
846 490088
PWM: 90
-1 9013500
128 116
266 1828
631 6836
775 11844
816 16852
832 21860
839 26868
841 31876
847 36884
845 41892
850 46900
844 51908
847 61924
852 66932
850 71940
851 76948
852 81956
850 86964
852 91972
850 96980
853 101988
847 106996
853 112004
850 117012
854 122020
851 127028
853 132036
852 137044
850 142052
854 147060
850 152068
854 157076
848 162084
854 167092
850 172100
856 177108
852 182116
853 187124
853 192132
851 197140
854 202148
850 207156
854 212164
849 217172
854 222180
850 227188
854 232196
852 237204
853 242212
853 247220
852 252228
854 257236
850 262244
854 267252
849 272260
854 277268
850 282276
855 287284
852 292292
853 297300
853 302308
851 307316
854 312324
851 317332
854 322340
849 327348
855 332356
850 337364
855 342372
851 347380
854 352388
853 357396
852 362404
855 367412
851 372420
854 377428
849 382436
854 387444
850 392452
855 397460
852 402468
854 407476
853 412484
852 417492
854 422500
851 427508
854 432516
849 437524
854 442532
850 447540
855 452548
852 457556
854 462564
853 467572
852 472580
854 477588
850 482596
854 487604
PWM: 95
-1 9514236
126 116
465 4468
729 9476
804 14484
831 19492
841 24500
845 29508
850 34516
848 39524
854 44532
849 49540
855 54548
851 59556
856 64564
854 69572
856 74580
855 79588
854 84596
857 89604
855 94612
857 99620
852 104628
857 109636
853 114644
859 119652
855 124660
858 129668
856 134676
856 139684
858 144692
855 149700
858 154708
852 159716
858 164724
854 169732
859 174740
856 179748
858 184756
857 189764
856 194772
857 199780
856 204788
858 209796
855 214804
858 219812
853 224820
859 229828
856 234836
858 239844
857 244852
857 249860
858 254868
855 259876
858 264884
855 269892
858 274900
854 279908
860 284916
856 289924
858 294932
856 299940
857 304948
858 309956
855 314964
858 319972
855 324980
859 329988
853 334996
858 340004
856 345012
859 350020
856 355028
856 360036
858 365044
855 370052
859 375060
855 380068
858 385076
853 390084
858 395092
856 400100
859 405108
857 410116
856 415124
858 420132
855 425140
858 430148
855 435156
858 440164
853 445172
858 450180
855 455188
859 460196
857 465204
857 470212
858 475220
856 480228
858 485236
855 490244
PWM: 100
-1 10014968
126 120
559 5064
758 10072
821 15080
839 20088
847 25096
852 30104
852 35112
857 40120
855 45128
859 50136
854 55144
861 60152
857 65160
861 70168
859 75176
859 80184
860 85192
858 90200
861 95208
859 100216
861 105224
857 110232
861 115240
859 120248
863 125256
860 130264
861 135272
861 140280
859 145288
862 150296
859 155304
862 160312
856 165320
862 170328
859 175336
863 180344
861 185352
861 190360
862 195368
860 200376
862 205384
859 210392
862 215400
857 220408
862 225416
859 230424
863 235432
860 240440
861 245448
862 250456
860 255464
862 260472
859 265480
863 270488
857 275496
862 280504
859 285512
863 290520
860 295528
861 300536
862 305544
860 310552
862 315560
860 320568
863 325576
857 330584
863 335592
859 340600
864 345608
860 350616
861 355624
861 360632
860 365640
862 370648
859 375656
863 380664
857 385672
862 390680
859 395688
864 400696
861 405704
862 410712
862 415720
860 420728
862 425736
860 430744
863 435752
857 440760
862 445768
859 450776
864 455784
860 460792
862 465800
861 470808
860 475816
863 480824
859 485832
863 490840
PWM: 105
-1 10515704
128 120
231 1560
641 6568
789 11576
833 16584
848 21592
851 26600
857 31608
856 36616
861 41624
857 46632
862 51640
860 56648
865 61656
862 66664
863 71672
863 76680
862 81688
865 86696
861 91704
861 101720
865 106728
862 111736
867 116744
863 121752
865 126760
865 131768
863 136776
866 141784
862 146792
867 151800
861 156808
866 161816
862 166824
868 171832
864 176840
866 181848
865 186856
864 191864
866 196872
863 201880
866 206888
862 211896
866 216904
862 221912
867 226920
864 231928
865 236936
865 241944
864 246952
866 251960
863 256968
867 261976
861 266984
866 271992
862 277000
867 282008
864 287016
865 292024
865 297032
864 302040
866 307048
864 312056
866 317064
862 322072
866 327080
862 332088
869 337096
864 342104
866 347112
865 352120
864 357128
866 362136
864 367144
867 372152
861 377160
866 382168
862 387176
868 392184
864 397192
866 402200
866 407208
864 412216
866 417224
863 422232
866 427240
863 432248
866 437256
862 442264
868 447272
864 452280
867 457288
865 462296
864 467304
866 472312
864 477320
867 482328
862 487336
PWM: 110
-1 11016444
127 116
342 2036
702 7044
812 12052
841 17060
855 22068
857 27076
862 32084
860 37092
865 42100
861 47108
868 52116
865 57124
867 62132
867 67140
866 72148
868 77156
865 82164
868 87172
866 92180
869 97188
865 102196
871 107204
869 117220
868 122228
868 127236
869 132244
866 137252
869 142260
866 147268
870 152276
865 157284
871 162292
867 167300
869 172308
869 177316
868 182324
870 187332
867 192340
869 197348
867 202356
870 207364
865 212372
871 217380
867 222388
870 227396
868 232404
868 237412
869 242420
867 247428
870 252436
867 257444
870 262452
865 267460
872 272468
866 277476
870 282484
869 287492
868 292500
869 297508
867 302516
870 307524
867 312532
869 317540
865 322548
872 327556
866 332564
870 337572
868 342580
869 347588
869 352596
867 357604
870 362612
867 367620
870 372628
865 377636
872 382644
867 387652
870 392660
868 397668
868 402676
869 407684
867 412692
870 417700
867 422708
869 427716
865 432724
872 437732
866 442740
870 447748
868 452756
869 457764
869 462772
867 467780
870 472788
866 477796
869 482804
864 487812
PWM: 115
-1 11517176
126 120
182 1608
641 6616
797 11624
842 16632
854 21640
862 26648
862 31656
868 36664
863 41672
871 46680
866 51688
871 56696
869 61704
870 66712
871 71720
869 76728
872 81736
869 86744
872 91752
867 96760
873 101768
873 111784
870 116792
872 121800
872 126808
870 131816
873 136824
870 141832
872 146840
867 151848
874 156856
870 161864
873 166872
871 171880
872 176888
873 181896
871 186904
873 191912
870 196920
873 201928
869 206936
875 211944
870 216952
873 221960
871 226968
872 231976
873 236984
871 241992
873 247000
870 252008
873 257016
869 262024
875 267032
869 272040
874 277048
871 282056
872 287064
873 292072
871 297080
873 302088
871 307096
873 312104
869 317112
875 322120
870 327128
873 332136
871 337144
872 342152
872 347160
871 352168
873 357176
870 362184
874 367192
869 372200
874 377208
869 382216
874 387224
872 392232
872 397240
873 402248
870 407256
873 412264
871 417272
873 422280
869 427288
875 432296
870 437304
875 442312
871 447320
872 452328
872 457336
871 462344
873 467352
870 472360
873 477368
868 482376
875 487384
PWM: 120
-1 12017916
126 116
126 1172
578 6180
788 11188
840 16196
858 21204
862 26212
868 31220
866 36228
874 41236
868 46244
873 51252
871 56260
873 61268
874 66276
872 71284
874 76292
872 81300
876 86308
871 91316
877 96324
872 101332
876 106340
874 111348
875 116356
875 121364
876 131380
874 136388
876 141396
873 146404
878 151412
872 156420
877 161428
873 166436
875 171444
875 176452
874 181460
876 186468
874 191476
875 196484
873 201492
878 206500
872 211508
877 216516
874 221524
875 226532
876 231540
875 236548
876 241556
874 246564
876 251572
873 256580
878 261588
872 266596
877 271604
874 276612
876 281620
875 286628
875 291636
876 296644
874 301652
876 306660
874 311668
878 316676
873 321684
877 326692
874 331700
876 336708
875 341716
874 346724
876 351732
874 356740
877 361748
874 366756
876 371764
872 376772
878 381780
874 386788
876 391796
875 396804
874 401812
876 406820
874 411828
876 416836
874 421844
876 426852
872 431860
878 436868
873 441876
877 446884
875 451892
876 456900
876 461908
874 466916
876 471924
873 476932
876 481940
871 486948
PWM: 125
-1 12518652
127 116
409 2676
739 7684
834 12692
854 17700
866 22708
867 27716
874 32724
870 37732
877 42740
873 47748
876 52756
875 57764
876 62772
877 67780
876 72788
877 77796
876 82804
879 87812
874 92820
879 97828
876 102836
878 107844
877 112852
877 117860
878 122868
877 127876
876 137892
879 142900
875 147908
881 152916
876 157924
879 162932
877 167940
878 172948
879 177956
876 182964
879 187972
876 192980
879 197988
874 202996
881 208004
877 213012
879 218020
878 223028
878 228036
879 233044
878 238052
879 243060
877 248068
879 253076
874 258084
881 263092
876 268100
879 273108
878 278116
878 283124
879 288132
877 293140
879 298148
877 303156
879 308164
875 313172
881 318180
876 323188
879 328196
878 333204
878 338212
879 343220
876 348228
879 353236
877 358244
879 363252
875 368260
882 373268
876 378276
880 383284
878 388292
878 393300
879 398308
877 403316
879 408324
877 413332
879 418340
875 423348
881 428356
876 433364
879 438372
878 443380
879 448388
879 453396
877 458404
879 463412
876 468420
879 473428
875 478436
882 483444
876 488452
PWM: 130
-1 13019388
127 116
510 4180
772 9188
845 14196
861 19204
870 24212
870 29220
878 34228
874 39236
878 44244
876 49252
879 54260
879 59268
878 64276
880 69284
879 74292
881 79300
877 84308
883 89316
878 94324
881 99332
880 104340
880 109348
881 114356
880 119364
882 124372
879 129380
881 134388
878 131953
884 144404
878 149412
882 154420
880 159428
881 164436
881 169444
880 174452
882 179460
879 184468
882 189476
878 194484
884 199492
879 204500
882 209508
880 214516
881 219524
881 224532
880 229540
882 234548
880 239556
882 244564
878 249572
884 254580
878 259588
883 264596
880 269604
881 274612
881 279620
880 284628
882 289636
879 294644
883 299652
878 304660
884 309668
879 314676
883 319684
880 324692
881 329700
881 334708
881 339716
882 344724
880 349732
882 354740
880 359748
884 364756
878 369764
883 374772
880 379780
881 384788
880 389796
880 394804
882 399812
880 404820
882 409828
879 414836
885 419844
878 424852
882 429860
880 434868
881 439876
881 444884
880 449892
882 454900
880 459908
882 464916
879 469924
885 474932
878 479940
883 484948
880 489956
PWM: 135
-1 13520124
126 116
383 2724
753 7732
837 12740
864 17748
870 22756
879 27764
875 32772
881 37780
879 42788
881 47796
881 52804
880 57812
882 62820
881 67828
883 72836
881 77844
885 82852
880 87860
884 92868
881 97876
883 102884
883 107892
883 112900
884 117908
882 122916
884 127924
882 132932
887 137940
880 131955
885 147956
881 152964
884 157972
883 162980
882 167988
884 172996
882 178004
884 183012
881 188020
887 193028
880 198036
885 203044
882 208052
884 213060
883 218068
883 223076
884 228084
883 233092
884 238100
882 243108
887 248116
880 253124
886 258132
882 263140
884 268148
884 273156
884 278164
884 283172
882 288180
885 293188
882 298196
886 303204
880 308212
886 313220
882 318228
885 323236
883 328244
883 333252
884 338260
882 343268
885 348276
882 353284
886 358292
880 363300
886 368308
882 373316
884 378324
883 383332
883 388340
884 393348
882 398356
885 403364
883 408372
887 413380
880 418388
886 423396
882 428404
884 433412
883 438420
883 443428
884 448436
882 453444
885 458452
882 463460
887 468468
880 473476
886 478484
882 483492
885 488500
PWM: 140
-1 14020860
128 116
251 1268
693 6276
832 11284
861 16292
876 21300
874 26308
882 31316
879 36324
883 41332
883 46340
883 51348
885 56356
884 61364
886 66372
884 71380
888 76388
883 81396
887 86404
883 91412
886 96420
885 101428
885 106436
886 111444
884 116452
886 121460
884 126468
888 131476
883 136484
888 141492
887 151508
885 156516
885 161524
886 166532
885 171540
887 176548
885 181556
889 186564
883 191572
888 196580
884 201588
887 206596
886 211604
886 216612
886 221620
885 226628
887 231636
885 236644
889 241652
883 246660
889 251668
884 256676
888 261684
885 266692
886 271700
887 276708
885 281716
887 286724
885 291732
889 296740
883 301748
889 306756
885 311764
887 316772
886 321780
886 326788
886 331796
885 336804
887 341812
885 346820
889 351828
883 356836
889 361844
884 366852
887 371860
885 376868
886 381876
886 386884
885 391892
887 396900
885 401908
889 406916
883 411924
888 416932
883 421940
887 426948
886 431956
886 436964
886 441972
885 446980
887 451988
885 456996
889 462004
883 467012
889 472020
883 477028
887 482036
885 487044
PWM: 145
-1 14521592
128 120
397 2776
753 7784
850 12792
868 17800
879 22808
878 27816
884 32824
883 37832
885 42840
886 47848
885 52856
888 57864
886 62872
890 67880
886 72888
890 77896
885 82904
889 87912
887 92920
888 97928
888 102936
887 107944
889 112952
888 117960
890 122968
887 127976
891 132984
886 137992
889 143000
887 148008
888 131961
888 158024
887 163032
889 168040
887 173048
891 178056
887 183064
891 188072
886 193080
890 198088
887 203096
888 208104
888 213112
888 218120
889 223128
888 228136
891 233144
887 238152
891 243160
885 248168
889 253176
887 258184
889 263192
888 268200
888 273208
889 278216
887 283224
891 288232
887 293240
891 298248
886 303256
890 308264
887 313272
889 318280
888 323288
888 328296
889 333304
887 338312
890 343320
887 348328
891 353336
886 358344
890 363352
887 368360
889 373368
889 378376
888 383384
889 388392
888 393400
890 398408
887 403416
891 408424
885 413432
890 418440
887 423448
889 428456
888 433464
887 438472
890 443480
888 448488
889 453496
887 458504
891 463512
886 468520
890 473528
887 478536
889 483544
888 488552
PWM: 150
-1 15022328
128 120
168 1320
691 6328
832 11336
870 16344
875 21352
883 26360
883 31368
887 36376
887 41384
887 46392
889 51400
888 56408
892 61416
888 66424
892 71432
886 76440
891 81448
889 86456
891 91464
890 96472
890 101480
891 106488
889 111496
891 116504
890 121512
893 126520
888 131528
892 136536
889 141544
892 146552
890 151560
890 156568
891 131962
890 166584
892 171592
890 176600
893 181608
887 186616
892 191624
890 196632
891 201640
891 206648
891 211656
891 216664
890 221672
891 226680
890 231688
894 236696
887 241704
893 246712
888 251720
891 256728
891 261736
891 266744
891 271752
890 276760
892 281768
890 286776
894 291784
887 296792
892 301800
889 306808
892 311816
890 316824
890 321832
891 326840
890 331848
892 336856
890 341864
893 346872
887 351880
893 356888
889 361896
892 366904
890 371912
890 376920
891 381928
889 386936
891 391944
889 396952
894 401960
888 406968
893 411976
889 416984
891 421992
890 427000
890 432008
891 437016
890 442024
891 447032
890 452040
894 457048
888 462056
893 467064
888 472072
892 477080
890 482088
891 487096
PWM: 155
-1 15523064
126 120
599 4872
823 9880
863 14888
881 19896
882 24904
887 29912
888 34920
889 39928
890 44936
890 49944
892 54952
890 59960
895 64968
889 69976
893 74984
890 79992
893 85000
893 90008
892 95016
893 100024
891 105032
893 110040
892 115048
895 120056
890 125064
894 130072
890 135080
894 140088
892 145096
893 150104
893 155112
892 160120
893 165128
892 170136
896 175144
890 180152
894 185160
891 190168
893 195176
892 200184
893 205192
893 210200
892 215208
893 220216
892 225224
896 230232
892 235240
895 240248
891 245256
894 250264
892 255272
893 260280
892 265288
892 270296
894 275304
892 280312
896 285320
892 290328
895 295336
891 300344
893 305352
892 310360
893 315368
893 320376
892 325384
894 330392
892 335400
896 340408
892 345416
895 350424
891 355432
894 360440
891 365448
893 370456
893 375464
892 380472
893 385480
892 390488
897 395496
892 400504
895 405512
890 410520
894 415528
892 420536
893 425544
893 430552
893 435560
894 440568
892 445576
896 450584
892 455592
895 460600
891 465608
894 470616
892 475624
894 480632
892 485640
892 490648
PWM: 160
-1 16023804
126 116
262 2388
730 7396
851 12404
873 17412
885 22420
887 27428
889 32436
891 37444
891 42452
893 47460
892 52468
897 57476
893 62484
896 67492
891 72500
895 77508
893 82516
894 87524
894 92532
894 97540
895 102548
894 107556
898 112564
894 117572
897 122580
892 127588
896 132596
893 137604
896 142612
895 147620
894 152628
895 157636
894 162644
894 172660
897 177668
892 182676
896 187684
893 192692
895 197700
896 202708
894 207716
895 212724
894 217732
898 222740
894 227748
897 232756
892 237764
896 242772
893 247780
895 252788
894 257796
895 262804
895 267812
894 272820
899 277828
894 282836
898 287844
892 292852
896 297860
894 302868
895 307876
894 312884
895 317892
895 322900
895 327908
898 332916
895 337924
897 342932
892 347940
897 352948
893 357956
895 362964
895 367972
894 372980
895 377988
894 382996
898 388004
894 393012
898 398020
892 403028
896 408036
893 413044
895 418052
895 423060
895 428068
895 433076
894 438084
898 443092
894 448100
897 453108
893 458116
896 463124
893 468132
896 473140
895 478148
895 483156
895 488164
PWM: 165
-1 16524540
127 116
565 3892
815 8900
870 13908
881 18916
889 23924
891 28932
892 33940
894 38948
893 43956
898 48964
895 53972
898 58980
893 63988
898 68996
894 74004
896 79012
896 84020
895 89028
896 94036
895 99044
900 104052
896 109060
898 114068
894 119076
898 124084
895 129092
897 134100
896 139108
897 144116
896 149124
897 154132
900 159140
896 164148
899 169156
898 179172
895 184180
897 189188
897 194196
897 199204
897 204212
896 209220
899 214228
896 219236
899 224244
894 229252
898 234260
895 239268
897 244276
896 249284
896 254292
897 259300
896 264308
899 269316
896 274324
899 279332
895 284340
898 289348
895 294356
897 299364
896 304372
897 309380
896 314388
896 319396
900 324404
896 329412
899 334420
894 339428
898 344436
895 349444
897 354452
896 359460
896 364468
897 369476
896 374484
899 379492
896 384500
900 389508
894 394516
898 399524
894 404532
897 409540
896 414548
897 419556
897 424564
897 429572
900 434580
896 439588
900 444596
896 449604
898 454612
895 459620
898 464628
896 469636
897 474644
896 479652
896 484660
899 489668
PWM: 170
-1 17025272
127 120
125 392
678 5400
841 10408
878 15416
886 20424
891 25432
893 30440
894 35448
897 40456
895 45464
899 50472
896 55480
899 60496
895 65496
898 70504
897 75512
898 80520
899 85528
898 90536
900 95544
897 100552
901 105560
898 110568
900 115576
896 120584
899 125592
897 130600
899 135608
898 140616
898 145624
901 150632
898 155640
901 160648
898 165656
900 170664
896 175672
899 180680
898 190696
899 195704
898 200712
901 205720
898 210728
901 215736
899 220744
900 225752
897 230760
899 235768
898 240776
899 245784
898 250792
898 255800
901 260808
898 265816
901 270824
898 275832
900 280840
896 285848
900 290856
897 295864
899 300872
898 305880
898 310888
901 315896
899 320904
902 325912
898 330920
901 335928
896 340936
899 345944
898 350952
899 355960
898 360968
898 365976
899 370984
898 375992
901 381000
898 386008
900 391016
896 396024
899 401032
897 406040
900 411048
898 416056
898 421064
899 426072
898 431080
901 436088
899 441096
900 446104
896 451112
900 456120
897 461128
899 466136
898 471144
899 476152
899 481160
898 486168
PWM: 175
-1 17526008
127 120
369 2920
781 7928
864 12936
885 17944
891 22952
894 27960
898 32968
896 37976
901 42984
898 47992
901 53000
896 58008
900 63016
898 68024
900 73032
899 78040
899 83048
900 88056
899 93064
903 98072
901 103080
902 108088
897 113096
901 118104
899 123112
901 128120
900 133128
900 138136
901 143144
900 148152
903 153160
900 158168
902 163176
898 168184
902 173192
899 178200
901 183208
900 188216
900 131970
901 198232
900 203240
903 208248
901 213256
902 218264
899 223272
901 228280
898 233288
900 238296
900 243304
900 248312
900 253320
900 258328
903 263336
900 268344
903 273352
898 278360
902 283368
899 288376
901 293384
900 298392
900 303400
901 308408
900 313416
904 318424
900 323432
903 328440
898 333448
901 338456
899 343464
901 348472
899 353480
900 358488
900 363496
900 368504
904 373512
900 378520
902 383528
898 388536
901 393544
899 398552
902 403560
900 408568
900 413576
900 418584
900 423592
903 428600
900 433608
902 438616
898 443624
901 448632
898 453640
901 458648
900 463656
900 468664
900 473672
900 478680
904 483688
900 488696
PWM: 180
-1 18026748
127 116
255 1460
753 6468
862 11476
885 16484
892 21492
896 26500
897 31508
901 36516
899 41524
902 46532
898 51540
902 56548
899 61556
901 66564
901 71572
901 76580
902 81588
901 86596
904 91604
901 96612
904 101620
900 106628
903 111636
900 116644
903 121652
901 126660
902 131668
901 136676
902 141684
905 146692
901 151700
905 156708
901 161716
904 166724
900 171732
903 176740
901 181748
902 131976
902 191764
902 196772
905 201780
901 206788
904 211796
902 216804
903 221812
901 226820
903 231828
901 236836
903 241844
902 246852
903 251860
905 256868
901 261876
905 266884
902 271892
903 276900
900 281908
903 286916
901 291924
902 296932
903 301940
902 306948
906 311956
902 316964
904 321972
902 326980
904 331988
900 336996
903 342004
901 347012
902 352020
902 357028
902 362036
905 367044
902 372052
904 377060
902 382068
904 387076
900 392084
903 397092
901 402100
902 407108
902 412116
902 417124
906 422132
902 427140
904 432148
902 437156
903 442164
900 447172
903 452180
901 457188
903 462196
902 467204
902 472212
905 477220
902 482228
904 487236
PWM: 185
-1 18527484
125 116
683 5012
851 10020
885 15028
893 20036
897 25044
902 30052
900 35060
903 40068
901 45076
903 50084
900 55092
902 60100
902 65108
903 70116
902 75124
903 80132
906 85140
903 90148
906 95156
903 100164
904 105172
901 110180
904 115188
902 120196
904 125204
903 130212
903 135220
907 140228
903 145236
906 150244
903 155252
906 160260
901 165268
904 170276
902 175284
904 180292
904 185300
904 190308
907 195316
904 200324
906 205332
904 210340
905 215348
901 220356
904 225364
903 230372
905 235380
903 240388
903 245396
906 250404
904 255412
907 260420
904 265428
905 270436
901 275444
905 280452
903 285460
904 290468
904 295476
904 300484
906 305492
903 310500
906 315508
904 320516
906 325524
901 330532
905 335540
903 340548
905 345556
904 350564
904 355572
906 360580
903 365588
906 370596
903 375604
906 380612
903 385620
904 390628
903 395636
905 400644
903 405652
904 410660
906 415668
903 420676
906 425684
904 430692
905 435700
902 440708
905 445716
902 450724
904 455732
903 460740
903 465748
905 470756
903 475764
907 480772
903 485780
906 490788
PWM: 190
-1 19028216
128 120
294 1512
768 6520
869 11528
889 16536
899 21544
900 26552
903 31560
902 36568
904 41576
902 46584
904 51592
902 56600
904 61608
903 66616
904 71624
906 76632
905 81640
907 86648
905 91656
907 96664
903 101672
906 106680
904 111688
906 116696
904 121704
905 126712
908 131720
905 136728
907 141736
905 146744
907 151752
903 156760
907 161768
903 166776
906 171784
905 176792
905 181800
907 186808
905 191816
907 196824
905 197511
907 206840
903 211848
906 216856
903 221864
906 226872
904 231880
906 236888
908 241896
906 246904
908 251912
906 256920
908 261928
903 266936
906 271944
903 276952
906 281960
905 286968
905 291976
907 296984
905 301992
908 307000
905 312008
907 317016
903 322024
907 327032
903 332040
906 337048
905 342056
905 347064
907 352072
906 357080
907 362088
905 367096
907 372104
905 377112
907 382120
904 387128
906 392136
905 397144
906 402152
907 407160
906 412168
908 417176
906 422184
907 427192
905 432200
907 437208
903 442216
907 447224
904 452232
906 457240
908 462248
905 467256
908 472264
905 477272
908 482280
905 487288
PWM: 195
-1 19528956
127 116
690 5060
856 10068
889 15076
896 20084
902 25100
902 30100
905 35108
904 40116
906 45124
903 50132
907 55140
904 60148
906 65156
907 70164
906 75172
908 80180
906 85188
908 90196
906 95204
908 100212
904 105220
907 110228
905 115236
907 120244
908 125252
907 130260
909 135268
907 140276
909 145284
907 150292
907 155300
905 160308
907 165316
906 170324
907 175332
909 180340
907 185348
909 190356
907 195364
909 200372
907 205380
908 210388
905 215396
908 220404
905 225412
908 230420
908 235428
907 240436
909 245444
907 250452
909 255460
907 260468
908 265476
904 270484
907 275492
906 280500
907 285508
908 290516
907 295524
909 300532
907 305540
909 310548
908 315556
908 320564
904 325572
908 330580
906 335588
907 340596
906 345604
907 350612
910 355620
907 360628
909 365636
907 370644
909 375652
905 380660
907 385668
906 390676
907 395684
907 400692
907 405700
910 410708
906 415716
909 420724
907 425732
908 430740
905 435748
907 440756
905 445764
907 450772
906 455780
907 460788
909 465796
907 470804
909 475812
906 480820
908 485828
904 490836
PWM: 200
-1 20029692
127 116
256 1556
775 6564
872 11572
895 16580
900 21588
905 26596
905 31604
907 36612
903 41620
907 46628
905 51636
908 56644
908 61652
908 66660
909 71668
907 76676
910 81684
908 86692
908 91700
906 96708
909 101716
907 106724
908 111732
908 116740
908 121748
910 126756
908 131764
910 136772
909 141780
910 146788
907 151796
909 156804
907 161812
908 166820
908 171828
908 176836
910 181844
908 186852
910 191860
909 196868
909 197517
906 206884
909 211892
907 216900
909 221908
908 226916
908 231924
910 236932
908 241940
910 246948
909 251956
910 256964
907 261972
910 266980
907 271988
909 276996
908 282004
908 287012
911 292020
909 297028
910 302036
908 307044
909 312052
906 317060
910 322068
907 327076
909 332084
908 337092
909 342100
911 347108
908 352116
911 357124
908 362132
910 367140
907 372148
909 377156
907 382164
909 387172
907 392180
909 397188
911 402196
908 407204
911 412212
909 417220
910 422228
907 427236
909 432244
907 437252
909 442260
907 447268
909 452276
911 457284
909 462292
910 467300
909 472308
910 477316
907 482324
909 487332
PWM: 205
-1 20530424
127 120
704 5112
865 10120
893 15128
903 20136
904 25144
907 30152
906 35160
908 40168
906 45176
909 50184
908 55192
909 60200
911 65208
909 70216
910 75224
910 80232
911 85240
910 90248
910 95256
907 100264
910 105272
908 110280
911 115288
911 120296
909 125304
911 130312
909 135320
911 140328
910 145336
911 150344
907 155352
910 160360
909 165368
910 170376
912 175384
910 180392
911 185400
910 190408
911 195416
910 200424
911 205432
908 210440
910 215448
909 220456
910 225464
912 230472
910 235480
911 240488
910 245496
912 250504
910 255512
910 260520
908 265528
911 270536
909 275544
910 280552
912 285560
909 290568
912 295576
910 300584
911 305592
910 310600
911 315608
907 320616
911 325624
909 330632
911 335640
912 340648
910 345656
912 350664
910 355672
912 360680
910 365688
911 370696
908 375704
910 380712
909 385720
910 390728
912 395736
910 400744
911 405752
910 410760
911 415768
910 420776
910 425784
908 430792
910 435800
908 440808
910 445816
912 450824
910 455832
911 460840
910 465848
912 470856
910 475864
911 480872
907 485880
911 490888
PWM: 210
-1 21031164
126 116
127 1604
683 6612
864 11620
893 16628
903 21636
905 26644
908 31652
906 36660
909 41668
908 46676
910 51684
912 56692
910 61700
912 66708
910 71716
911 76724
912 81732
911 86740
909 91748
911 96756
909 101764
912 106772
913 111780
912 116788
913 121796
911 126804
913 131812
912 136820
912 141828
909 146836
912 151844
910 156852
912 161860
913 166868
911 171876
913 176884
912 181892
912 186900
912 191908
912 196916
908 201924
912 206932
912 216948
913 221956
911 226964
913 231972
911 236980
912 241988
911 246996
912 252004
909 257012
912 262020
910 267028
912 272036
914 277044
911 282052
913 287060
911 292068
912 297076
912 302084
912 307092
909 312100
912 317108
909 322116
912 327124
913 332132
911 337140
913 342148
911 347156
913 352164
911 357172
912 362180
910 367188
912 372196
910 377204
911 382212
912 387220
911 392228
913 397236
911 402244
912 407252
912 412260
912 417268
909 422276
911 427284
909 432292
911 437300
912 442308
911 447316
913 452324
912 457332
913 462340
912 467348
912 472356
909 477364
912 482372
910 487380
PWM: 215
-1 21531900
128 116
531 3108
838 8116
891 13124
902 18132
907 23140
906 28148
910 33156
908 38164
911 43172
912 48180
911 53188
913 58196
912 63204
913 68212
913 73220
912 78228
910 83236
913 88244
910 93252
913 98260
914 103268
913 108276
914 113284
912 118292
914 123300
913 128308
913 133316
911 138324
914 143332
911 148340
913 153348
914 158356
913 163364
914 168372
913 173380
913 178388
913 183396
914 188404
911 193412
913 198420
910 203428
912 208436
913 213444
913 197522
915 223460
912 228468
914 233476
913 238484
914 243492
912 248500
913 253508
911 258516
913 263524
914 268532
913 273540
914 278548
913 283556
914 288564
913 293572
914 298580
912 303588
913 308596
910 313604
913 318612
913 323620
913 328628
915 333636
912 338644
914 343652
912 348660
914 353668
913 358676
914 363684
911 368692
912 373700
914 378708
913 383716
914 388724
913 393732
914 398740
913 403748
913 408756
913 413764
913 418772
911 423780
913 428788
913 433796
914 438804
914 443812
913 448820
914 453828
913 458836
914 463844
913 468852
914 473860
910 478868
913 483876
914 488884
PWM: 220
-1 22032632
128 120
305 1656
800 6664
884 11672
902 16680
906 21688
909 26696
908 31704
911 36712
913 41720
912 46728
914 51736
912 56744
914 61752
913 66760
913 71768
914 76776
914 81784
912 86792
914 91800
914 96808
914 101816
915 106824
913 111832
915 116840
914 121848
915 126856
914 131864
914 136872
911 141880
914 146888
914 151896
913 156904
915 161912
913 166920
915 171928
914 176936
914 181944
914 186952
914 191960
911 196968
914 201976
914 206984
914 211992
915 217000
914 197522
915 227016
914 232024
915 237032
914 242040
914 247048
912 252056
914 257064
915 262072
914 267080
915 272088
914 277096
915 282104
914 287112
914 292120
914 297128
915 302136
911 307144
914 312152
914 317160
914 322168
915 327176
914 332184
915 337192
914 342200
915 347208
914 352216
914 357224
911 362232
914 367240
913 372248
914 377256
915 382264
914 387272
915 392280
914 397288
915 402296
914 407304
914 412312
911 417320
915 422328
913 427336
915 432344
915 437352
914 442360
915 447368
914 452376
915 457384
913 462392
914 467400
911 472408
914 477416
913 482424
914 487432
PWM: 225
-1 22533372
128 116
133 236
725 5204
875 10212
900 15220
907 20228
908 25236
912 30244
913 35252
913 40260
914 45268
913 50276
914 55284
914 60292
915 65300
915 70308
915 75316
911 80324
915 85332
913 90340
915 95348
916 100356
915 105364
917 110372
915 115380
916 120388
915 125396
916 130404
913 135412
915 140420
913 145428
915 150436
916 155444
915 160452
916 165460
915 170468
916 175476
916 180484
916 185492
913 190500
916 195508
913 200516
916 205524
916 210532
915 215540
917 197525
916 225556
917 230564
916 235572
915 240580
913 245588
916 250596
914 255604
915 260612
916 265620
915 270628
916 275636
916 280644
916 285652
915 290660
915 295668
913 300676
916 305684
913 310692
915 315700
916 320708
915 325716
916 330724
915 335732
916 340740
915 345748
916 350756
913 355764
916 360772
913 365780
916 370788
916 375796
915 380804
916 385812
915 390820
916 395828
915 400836
916 405844
913 410852
916 415860
913 420868
915 425876
916 430884
915 435892
916 440900
915 445908
917 450916
915 455924
915 460932
915 465940
915 470948
914 475956
915 480964
916 485972
PWM: 230
-1 23034104
127 120
708 4776
872 9784
901 14792
908 19800
911 24808
911 29816
914 34824
915 39832
915 44840
915 49848
915 54856
916 59864
916 64872
916 69880
916 74888
917 79896
914 84904
917 89912
917 94920
917 99928
917 104936
916 109944
917 114952
916 119960
917 124968
917 129976
916 134984
914 139992
916 145000
917 150008
917 155016
917 160024
917 165032
917 170040
917 175048
917 180056
916 185064
917 190072
914 195080
917 200088
918 205096
917 210104
917 215112
916 220120
917 225128
916 230136
917 235144
917 240152
917 245160
913 250168
916 255176
918 260184
916 265192
917 270200
916 275208
917 280216
916 285224
917 290232
916 295240
917 300248
913 305256
917 310264
918 315272
916 320280
917 325288
916 330296
917 335304
916 340312
917 345320
916 350328
917 355336
914 360344
917 365352
917 370360
916 375368
917 380376
916 385384
917 390392
916 395400
917 400408
916 405416
917 410424
914 415432
917 420440
917 425448
917 430456
917 435464
917 440472
918 445480
916 450488
917 455496
916 460504
917 465512
914 470520
916 475528
918 480536
916 485544
918 490552
PWM: 235
-1 23534844
128 116
565 3316
854 8324
897 13332
908 18340
909 23348
913 28356
915 33364
915 38372
916 43380
917 48388
917 53396
917 58404
917 63412
917 68420
917 73428
914 78436
918 83444
918 88452
918 93460
918 98468
917 103476
919 108484
917 113492
918 118500
917 123508
918 128516
915 133524
918 138532
918 143540
917 148548
918 153556
917 158564
918 163572
918 168580
918 173588
917 178596
918 183604
915 188612
918 193620
919 198628
918 203636
919 208644
918 213652
918 218660
917 223668
918 228676
918 197526
918 238692
915 243700
918 248708
919 253716
917 258724
919 263732
917 268740
918 273748
918 278756
918 283764
917 288772
918 293780
916 298788
918 303796
918 308804
918 313812
918 318820
918 323828
918 328836
917 333844
918 338852
918 343860
918 348868
916 353876
917 358884
918 363892
917 368900
918 373908
918 378916
917 383924
918 388932
918 393940
918 398948
919 403956
916 408964
918 413972
917 418980
918 423988
918 428996
918 434004
919 439012
917 444020
918 449028
918 454036
918 459044
915 464052
918 469060
917 474068
918 479076
918 484084
918 489092
PWM: 240
-1 24035580
128 116
350 1860
820 6868
893 11876
905 16884
912 21892
915 26900
915 31908
917 36916
917 41924
917 46932
917 51940
918 56948
918 61956
919 66964
916 71972
919 76980
918 81988
919 86996
920 92004
918 97012
919 102020
918 107028
919 112036
918 117044
919 122052
917 127060
919 132068
919 137076
919 142084
919 147092
919 152100
919 157108
919 162116
919 167124
919 172132
919 177140
919 182148
919 187156
918 192164
919 197172
919 202180
919 207188
919 212196
918 217204
919 222212
919 232228
919 237236
919 242244
918 247252
918 252260
919 257268
919 262276
919 267284
919 272292
919 277300
919 282308
919 287316
919 292324
919 297332
918 302340
919 307348
920 312356
919 317364
919 322372
919 327380
919 332388
919 337396
918 342404
919 347412
919 352420
918 357428
919 362436
920 367444
919 372452
919 377460
919 382468
920 387476
919 392484
920 397492
919 402500
920 407508
918 412516
919 417524
919 422532
919 427540
920 432548
919 437556
919 442564
919 447572
919 452580
919 457588
919 462596
918 467604
919 472612
920 477620
919 482628
919 487636
PWM: 245
-1 24536312
128 120
585 3368
860 8376
901 13384
910 18392
915 23400
916 28408
917 33416
918 38424
918 43432
919 48440
919 53448
919 58456
918 63464
919 68472
918 73480
919 78488
920 83496
919 88504
920 93512
919 98520
920 103528
919 108536
920 113544
920 118552
920 123560
919 128568
920 133576
920 138584
920 143592
920 148600
920 153608
920 158616
920 163624
920 168632
920 173640
920 178648
919 183656
919 188664
920 193672
920 198680
920 203688
919 208696
920 213704
920 218712
920 223720
919 228728
919 238744
920 243752
920 248760
920 253768
920 258776
920 263784
920 268792
920 273800
920 278808
919 283816
920 288824
919 293832
920 298840
920 303848
919 308856
920 313864
920 318872
921 323880
920 328888
920 333896
920 338904
920 343912
918 348920
919 353928
920 358936
920 363944
920 368952
920 373960
920 378968
920 383976
920 388984
919 393992
920 399000
917 404008
920 409016
920 414024
920 419032
921 424040
919 429048
920 434056
920 439064
921 444072
919 449080
920 454088
918 459096
919 464104
920 469112
920 474120
920 479128
920 484136
919 489144
PWM: 250
-1 25037052
127 116
731 4868
883 9876
907 14884
913 19892
916 24900
917 29908
918 34916
919 39924
919 44932
919 49940
920 54948
920 59956
920 64964
920 69972
921 74980
920 79988
921 84996
920 90004
921 95012
920 100020
921 105028
921 110036
920 115044
919 120052
921 125060
921 130068
921 135076
921 140084
921 145092
920 150100
921 155108
921 160116
920 165124
921 170132
919 175140
921 180148
921 185156
921 190164
921 195172
921 200180
921 205188
921 210196
921 215204
921 220212
921 225220
919 230228
921 235236
921 240244
921 245252
921 250260
921 255268
921 260276
920 265284
921 270292
921 275300
921 280308
919 285316
921 290324
921 295332
921 300340
921 305348
921 310356
920 315364
921 320372
921 325380
921 330388
921 335396
919 340404
921 345412
922 350420
921 355428
921 360436
921 365444
921 370452
921 375460
921 380468
921 385476
921 390484
920 395492
921 400500
921 405508
920 410516
922 415524
921 420532
921 425540
921 430548
922 435556
921 440564
921 445572
921 450580
920 455588
921 460596
921 465604
921 470612
921 475620
922 480628
921 485636
921 490644
PWM: 255
-1 25537792
128 120
457 2384
846 7392
901 12400
912 17408
916 22416
918 27424
919 32432
920 37440
920 42448
921 47456
920 52464
920 57472
921 62480
921 67488
921 72496
921 77504
921 82512
922 87520
921 92528
922 97536
922 102544
922 107552
922 112560
922 117568
922 122576
922 127584
921 132592
922 137600
922 142608
922 147616
922 152624
922 157632
922 162640
922 167648
922 172656
922 177664
922 182672
922 187680
921 192688
922 197696
922 202704
922 207712
922 212720
922 217728
922 222736
922 227744
922 232752
922 197530
922 242768
923 247776
921 252784
922 257792
922 262800
922 267808
922 272816
922 277824
922 282832
922 287840
922 292848
922 297856
922 302864
922 307872
922 312880
922 317888
921 322896
922 327904
923 332912
922 337920
922 342928
922 347936
921 352944
922 357952
922 362960
922 367968
921 372976
922 377984
922 382992
921 388000
922 393008
922 398016
921 403024
922 408032
921 413040
922 418048
922 423056
922 428064
922 433072
922 438080
922 443088
921 448096
922 453104
922 458112
922 463120