PWM: 255
922 880
921 5888
921 10896
922 15904
921 20912
922 25920
921 30928
922 35936
922 40944
922 45952
922 50960
921 55968
922 60976
922 65984
921 70992
922 76000
922 81008
922 86016
922 91024
922 96032
921 101040
922 106048
921 111056
921 116064
922 121072
922 126080
922 131088
922 136096
921 141104
921 146112
922 151120
922 156128
921 161136
921 166144
922 171152
922 176160
921 181168
922 186176
921 191184
921 196192
922 201200
922 206208
922 211216
922 216224
921 221232
922 226240
922 231248
922 236256
921 241264
921 246272
922 251280
921 256288
921 261296
921 266304
921 271312
921 276320
921 281328
922 286336
921 291344
922 296352
921 301360
922 306368
922 311376
921 316384
922 321392
922 326400
922 331408
922 336416
921 341424
922 346432
922 351440
922 356448
921 361456
922 366464
922 371472
921 376480
922 381488
921 386496
921 391504
921 396512
922 401520
922 406528
921 411536
922 416544
921 421552
922 426560
922 431568
921 436576
921 441584
922 446592
921 451600
921 456608
922 461616
922 466624
922 471632
922 476640
922 481648
921 486656
921 491664
PWM: 250
918 116
919 564
919 5572
921 10580
921 15588
921 20596
921 25604
921 30612
922 35620
921 40628
921 45636
921 50644
921 55652
921 60660
920 65668
921 70676
921 75684
920 80692
921 85700
921 90708
921 95716
921 100724
920 105732
921 110740
921 115748
920 120756
921 125764
921 130772
921 135780
921 140788
922 145796
920 150804
921 155812
921 160820
920 165828
920 170836
920 175844
921 180852
921 185860
920 190868
921 195876
921 200884
921 205892
921 210900
920 215908
921 220916
920 225924
920 235940
921 240948
921 245956
921 250964
921 255972
921 260980
920 265988
921 270996
920 276004
921 281012
920 286020
921 291028
920 296036
920 301044
921 306052
920 311060
921 316068
921 321076
920 326084
921 331092
920 336100
920 341108
921 346116
921 351124
921 356132
920 361140
921 366148
921 371156
920 376164
921 381172
920 386180
920 391188
921 396196
921 401204
920 406212
920 411220
921 416228
921 421236
921 426244
920 431252
921 436260
921 441268
921 446276
919 451284
920 456292
921 461300
921 466308
920 471316
920 476324
921 481332
920 486340
PWM: 245
920 120
921 328
919 5336
918 10344
919 15352
920 20360
919 25368
920 30376
920 35384
920 40392
920 45400
920 50408
920 55416
919 60424
917 65432
920 70440
920 75448
920 80456
920 85464
919 90472
921 95480
920 100488
920 105496
920 110504
919 115512
917 120520
920 125528
920 130536
920 135544
919 140552
920 145560
920 150568
920 155576
919 160584
919 165592
920 170600
917 175608
919 180616
920 185624
920 190632
920 195640
919 200648
921 205656
919 210664
919 215672
919 220680
919 225688
920 235704
921 240712
919 245720
920 250728
920 255736
920 260744
920 265752
920 270760
920 275768
920 280776
918 285784
920 290792
920 295800
919 300808
919 305816
920 310824
920 315832
919 320840
919 325848
919 330856
920 335864
917 340872
920 345880
921 350888
919 355896
919 360904
919 365912
920 370920
920 375928
919 380936
920 385944
920 390952
919 395960
920 400968
920 405976
919 410984
920 415992
919 421000
920 426008
919 431016
920 436024
920 441032
919 446040
919 451048
920 456056
920 461064
920 466072
920 471080
920 476088
920 481096
919 486104
PWM: 240
920 116
919 5092
918 10100
919 15108
918 20116
919 25124
920 30132
918 35140
920 40148
918 45156
919 50164
919 55172
918 60180
919 65188
918 70196
918 75204
919 80212
918 85220
918 90228
919 95236
918 100244
919 105252
918 110260
919 115268
918 120276
919 125284
917 130292
919 135300
919 140308
918 145316
919 150324
918 155332
919 160340
918 165348
919 170356
919 175364
918 180372
918 185380
919 190388
919 195396
919 200404
919 205412
919 210420
919 215428
918 220436
919 225444
918 230452
919 235460
917 240468
918 245476
919 250484
918 255492
920 260500
919 265508
919 270516
919 275524
919 280532
918 285540
918 290548
917 295556
919 300564
919 305572
919 310580
919 315588
919 320596
919 325604
918 330612
920 335620
918 340628
919 345636
918 350644
918 355652
919 360660
919 365668
919 370676
918 375684
919 380692
919 385700
918 390708
918 395716
918 400724
916 405732
919 410740
918 415748
919 420756
919 425764
919 430772
919 435780
918 440788
919 445796
918 450804
918 455812
915 460820
919 465828
920 470836
919 475844
918 480852
918 485860
919 490868
PWM: 235
917 116
911 4852
916 9860
917 14868
914 19876
917 24884
918 29892
917 34900
918 39908
917 44916
917 49924
917 54932
918 59940
917 64948
918 69956
914 74964
917 79972
919 84980
917 89988
918 94996
918 100004
918 105012
918 110020
917 115028
917 120036
917 125044
914 130052
917 135060
918 140068
917 145076
918 150084
918 155092
918 160100
917 165108
917 170116
917 175124
917 180132
915 185140
917 190148
918 195156
918 200164
918 205172
917 210180
918 215188
918 220196
918 225204
917 230212
917 235220
915 240228
918 245236
918 250244
918 255252
918 260260
918 265268
918 270276
917 275284
918 280292
917 285300
917 290308
915 295316
918 300324
918 305332
917 310340
918 315348
917 320356
918 325364
918 330372
917 335380
917 340388
917 345396
916 350404
917 355412
918 360420
918 365428
917 370436
917 375444
918 380452
917 385460
918 390468
917 395476
918 400484
915 405492
917 410500
918 415508
917 420516
918 425524
917 430532
917 435540
918 440548
918 445556
917 450564
918 455572
916 460580
918 465588
917 470596
917 475604
918 480612
917 485620
917 490628
PWM: 230
919 116
917 4612
917 9620
917 14628
914 19636
916 24644
916 29652
916 34660
918 39668
916 44676
917 49684
916 54692
917 59700
916 64708
916 69716
914 74724
916 79732
915 84740
917 89748
917 94756
916 99764
918 104772
915 109780
917 114788
917 119796
916 124804
914 129812
916 134820
916 139828
917 144836
918 149844
916 154852
917 159860
916 164868
917 169876
916 174884
917 179892
913 184900
917 189908
914 194916
916 199924
917 204932
916 209940
917 214948
916 219956
917 224964
917 229972
917 234980
914 239988
916 244996
914 250004
916 255012
917 260020
917 265028
917 270036
916 275044
917 280052
916 285060
917 290068
915 295076
916 300084
913 305092
917 310100
918 315108
916 320116
917 325124
916 330132
916 335140
916 340148
916 345156
916 350164
916 355172
914 360180
916 365188
917 370196
916 375204
917 380212
916 385220
917 390228
916 395236
917 400244
915 405252
916 410260
913 415268
916 420276
917 425284
916 430292
917 435300
916 440308
916 445316
917 450324
917 455332
916 460340
916 465348
914 470356
916 475364
917 480372
916 485380
916 490388
PWM: 225
919 116
917 4372
916 9380
916 14388
915 19396
915 24404
913 29412
915 34420
917 39428
915 44436
916 49444
915 54452
915 59460
915 64468
915 69476
915 74484
916 79492
912 84500
915 89508
916 94516
915 99524
916 104532
915 109540
915 114548
915 119556
916 124564
915 129572
915 134580
912 139588
915 144596
916 149604
915 154612
916 159620
915 164628
916 169636
915 174644
915 179652
915 184660
915 189668
912 194676
915 199684
916 204692
915 209700
916 214708
915 219716
916 224724
915 229732
915 234740
915 239748
915 244756
912 249764
915 254772
916 259780
915 264788
916 269796
915 274804
916 279812
915 284820
916 289828
915 294836
915 299844
912 304852
915 309860
915 314868
915 319876
916 324884
915 329892
915 334900
915 339908
916 344916
915 349924
915 354932
912 359940
916 364948
916 369956
915 374964
916 379972
915 384980
916 389988
915 394996
916 400004
915 405012
915 410020
912 415028
915 420036
916 425044
915 430052
916 435060
915 440068
916 445076
916 450084
915 455092
915 460100
915 465108
911 470116
915 475124
915 480132
915 485140
916 490148
PWM: 220
918 120
916 4136
914 9144
914 14152
913 19160
914 24168
911 29176
914 34184
912 39192
914 44200
915 49208
913 54216
916 59224
913 64232
914 69240
913 74248
914 79256
911 84264
913 89272
912 94280
914 99288
915 104296
914 109304
914 114312
914 119320
914 124328
914 129336
914 134344
911 139352
915 144360
911 149368
913 154376
915 159384
914 164392
915 169400
914 174408
914 179416
914 184424
914 189432
911 194440
914 199448
911 204456
914 209464
915 214472
915 224488
913 229496
915 234504
914 239512
915 244520
911 249528
914 254536
911 259544
914 264552
915 269560
914 274568
915 279576
914 284584
915 289592
914 294600
914 299608
912 304616
914 309624
911 314632
915 319640
915 324648
914 329656
914 334664
914 339672
915 344680
914 349688
914 354696
911 359704
914 364712
911 369720
914 374728
916 379736
914 384744
915 389752
913 394760
915 399768
914 404776
914 409784
912 414792
914 419800
911 424808
913 429816
916 434824
914 439832
915 444840
914 449848
915 454856
913 459864
914 464872
912 469880
914 474888
911 479896
914 484904
915 489912
PWM: 215
917 120
916 3896
913 8904
914 13912
913 18920
913 23928
910 28936
912 33944
910 38952
913 43960
913 48968
913 53976
913 58984
912 63992
913 69000
912 74008
914 79016
910 84024
913 89032
909 94040
912 99048
913 104056
912 109064
914 114072
913 119080
913 124088
913 129096
913 134104
911 139112
912 144120
910 149128
913 154136
913 159144
912 164152
914 169160
912 174168
913 179176
912 184184
914 189192
912 194200
913 199208
910 204216
913 209224
912 219240
913 224248
912 229256
914 234264
913 239272
913 244280
913 249288
913 254296
910 259304
913 264312
913 269320
913 274328
913 279336
912 284344
914 289352
913 294360
913 299368
912 304376
912 309384
910 314392
912 319400
912 324408
912 329416
914 334424
913 339432
913 344440
913 349448
913 354456
912 359464
913 364472
910 369480
913 374488
913 379496
912 384504
915 389512
912 394520
914 399528
913 404536
913 409544
912 414552
913 419560
910 424568
913 429576
914 434584
912 439592
914 444600
912 449608
914 454616
913 459624
913 464632
912 469640
913 474648
909 479656
913 484664
911 489672
PWM: 210
918 116
918 3660
913 8660
913 13668
911 18676
912 23684
911 28692
911 33700
909 38708
911 43716
910 48724
911 53732
913 58740
911 63748
913 68756
912 73764
912 78772
911 83780
912 88788
908 93796
912 98804
909 103812
912 108820
913 113828
911 118836
913 123844
911 128852
912 133860
911 138868
912 143876
908 148884
911 153892
910 158900
911 163908
913 168916
911 173924
912 178932
911 183940
912 188948
911 193956
912 198964
908 203972
912 208980
909 197520
911 218996
913 224004
911 229012
912 234020
911 239028
912 244036
911 249044
911 254052
909 259060
912 264068
909 269076
911 274084
913 279092
911 284100
912 289108
911 294116
912 299124
911 304132
912 309140
908 314148
912 319156
909 324164
911 329172
912 334180
911 339188
913 344196
911 349204
912 354212
911 359220
912 364228
908 369236
911 374244
909 379252
911 384260
913 389268
911 394276
912 399284
911 404292
912 409300
910 414308
912 419316
909 424324
911 429332
909 434340
912 439348
913 444356
911 449364
912 454372
911 459380
912 464388
911 469396
911 474404
909 479412
912 484420
908 489428
PWM: 205
918 116
914 3412
911 8420
911 13428
910 18436
911 23444
909 28452
911 33460
907 38468
910 43476
908 48484
910 53492
911 58500
910 63508
911 68516
909 73524
911 78532
910 83540
911 88548
907 93556
910 98564
908 103572
910 108580
910 113588
910 118596
911 123604
909 128612
911 133620
909 138628
912 143636
908 148644
911 153652
907 158660
910 163668
911 168676
910 173684
912 178692
909 183700
911 188708
910 193716
911 198724
908 203732
907 213748
910 218756
910 223764
910 228772
912 233780
909 238788
911 243796
910 248804
910 253812
907 258820
911 263828
908 268836
910 273844
909 278852
910 283860
912 288868
909 293876
912 298884
910 303892
911 308900
908 313908
910 318916
908 323924
910 328932
908 333940
910 338948
911 343956
909 348964
911 353972
910 358980
911 363988
907 368996
910 374004
907 379012
910 384020
908 389028
909 394036
912 399044
909 404052
911 409060
910 414068
911 419076
908 424084
910 429092
908 434100
909 439108
909 444116
910 449124
911 454132
909 459140
911 464148
910 469156
911 474164
909 479172
910 484180
907 489188
PWM: 200
914 116
910 3172
910 8180
911 13188
908 18196
910 23204
908 28212
910 33220
908 38228
909 43236
906 48244
910 53252
906 58260
909 63268
911 68276
908 73284
911 78292
908 83300
909 88308
909 93316
908 98324
906 103332
908 108340
906 113348
908 118356
910 123364
908 128372
910 133380
908 138388
909 143396
909 148404
909 153412
905 158420
909 163428
906 168436
908 173444
911 178452
908 183460
910 188468
908 193476
910 198484
909 203492
909 197514
906 213508
909 218516
907 223524
909 228532
911 233540
909 238548
909 243556
908 248564
909 253572
908 258580
909 263588
906 268596
908 273604
907 278612
908 283620
910 288628
908 293636
910 298644
908 303652
909 308660
908 313668
908 318676
906 323684
909 328692
907 333700
909 338708
910 343716
909 348724
910 353732
908 358740
909 363748
908 368756
909 373764
906 378772
909 383780
906 388788
908 393796
910 398804
908 403812
911 408820
908 413828
910 418836
908 423844
909 428852
906 433860
908 438868
907 443876
909 448884
909 453892
909 458900
910 463908
908 468916
909 473924
908 478932
910 483940
906 488948
PWM: 195
915 120
909 2936
908 7944
908 12952
906 17960
910 22968
906 27976
908 32984
907 37992
908 43000
904 48008
907 53016
905 58024
907 63032
907 68040
907 73048
909 78056
907 83064
909 88072
906 93080
908 98088
903 103096
908 108104
905 113112
907 118120
906 123128
907 128136
909 133144
907 138152
908 143160
907 148168
907 153176
904 158184
907 163192
905 168200
907 173208
906 178216
907 183224
909 188232
907 193240
908 198248
908 208264
904 213272
907 218280
905 223288
906 228296
907 233304
907 238312
910 243320
907 248328
908 253336
907 258344
907 263352
903 268360
907 273368
905 278376
906 283384
905 288392
907 293400
908 298408
907 303416
908 308424
906 313432
908 318440
905 323448
907 328456
905 333464
907 338472
906 343480
906 348488
909 353496
907 358504
908 363512
907 368520
908 373528
905 378536
908 383544
905 388552
907 393560
905 398568
907 403576
908 408584
907 413592
909 418600
906 423608
908 428616
905 433624
908 438632
905 443640
908 448648
906 453656
907 458664
909 463672
907 468680
908 473688
907 478696
908 483704
904 488712
PWM: 190
913 120
907 2696
907 7704
905 12712
906 17720
908 22728
905 27736
907 32744
906 37752
907 42760
903 47768
906 52776
904 57784
905 62792
905 67800
905 72808
908 77816
905 82824
908 87832
905 92840
906 97848
902 102856
906 107864
903 112872
906 117880
904 122888
905 127896
908 132904
905 137912
908 142920
905 147928
906 152936
903 157944
906 162952
903 167960
905 172968
904 177976
905 182984
906 187992
905 193000
908 198008
905 197511
906 208024
903 213032
906 218040
903 223048
906 228056
904 233064
905 238072
906 243080
905 248088
908 253096
904 258104
906 263112
903 268120
906 273128
904 278136
906 283144
903 288152
905 293160
907 298168
905 303176
908 308184
905 313192
907 318200
903 323208
906 328216
903 333224
906 338232
904 343240
905 348248
907 353256
905 358264
908 363272
905 368280
906 373288
905 378296
906 383304
903 388312
906 393320
904 398328
905 403336
907 408344
905 413352
907 418360
904 423368
906 428376
905 433384
906 438392
902 443400
906 448408
904 453416
905 458424
906 463432
904 468440
908 473448
905 478456
906 483464
905 488472
PWM: 185
914 120
908 2456
906 7464
903 12472
904 17480
903 22488
904 27496
906 32504
903 37512
905 42520
903 47528
904 52536
901 57544
904 62552
902 67560
904 72568
903 77576
903 82584
906 87592
904 92600
905 97608
904 102616
904 107624
902 112632
904 117640
902 122648
904 127656
902 132664
903 137672
906 142680
903 147688
906 152696
903 157704
905 162712
901 167720
904 172728
903 177736
903 182744
904 187752
904 192760
903 202776
905 207784
904 212792
905 217800
901 222808
904 227816
902 232824
904 237832
902 242840
903 247848
906 252856
903 257864
906 262872
903 267880
905 272888
901 277896
904 282904
903 287912
903 292920
904 297928
903 302936
906 307944
903 312952
906 317960
904 322968
905 327976
901 332984
904 337992
901 343000
904 348008
903 353016
903 358024
906 363032
903 368040
905 373048
903 378056
905 383064
901 388072
905 393080
902 398088
903 403096
903 408104
904 413112
906 418120
903 423128
905 428136
903 433144
905 438152
901 443160
904 448168
902 453176
903 458184
902 463192
903 468200
906 473208
903 478216
906 483224
903 488232
PWM: 180
914 120
909 2216
907 7224
901 12232
902 17240
902 22248
902 27256
904 32264
902 37272
904 42280
902 47288
902 52296
898 57304
903 62312
900 67320
902 72328
901 77336
902 82344
904 87352
901 92360
904 97368
902 102376
903 107384
899 112392
902 117400
900 122408
902 127416
901 132424
901 137432
903 142440
901 147448
904 152456
901 157464
903 162472
899 167480
902 172488
900 177496
902 182504
901 187512
904 197528
901 202536
905 207544
902 212552
904 217560
899 222568
903 227576
900 232584
901 237592
901 242600
901 247608
904 252616
901 257624
904 262632
902 267640
903 272648
899 277656
903 282664
900 287672
902 292680
901 297688
901 302696
904 307704
901 312712
905 317720
901 322728
904 327736
899 332744
902 337752
900 342760
902 347768
901 352776
901 357784
904 362792
902 367800
904 372808
902 377816
904 382824
899 387832
903 392840
900 397848
902 402856
901 407864
902 412872
902 417880
901 422888
905 427896
902 432904
904 437912
900 442920
902 447928
900 452936
902 457944
901 462952
902 467960
901 472968
901 477976
904 482984
902 487992
PWM: 175
910 120
890 1976
899 6984
897 11992
900 17000
899 22008
899 27016
899 32024
900 37032
903 42040
900 47048
902 52056
897 57064
901 62072
899 67080
901 72088
899 77096
900 82104
900 87112
900 92120
903 97128
900 102136
902 107144
898 112152
901 117160
898 122168
900 127176
899 132184
900 137192
900 142200
899 147208
903 152216
899 157224
902 162232
897 167240
901 172248
898 177256
901 182264
900 192280
900 197288
900 202296
903 207304
900 212312
902 217320
900 222328
902 227336
898 232344
901 237352
899 242360
900 247368
899 252376
900 257384
903 262392
899 267400
903 272408
900 277416
901 282424
898 287432
900 292440
899 297448
900 302456
900 307464
900 312472
903 317480
899 322488
902 327496
900 332504
902 337512
898 342520
901 347528
899 352536
900 357544
900 362552
899 367560
903 372568
899 377576
902 382584
900 387592
902 392600
898 397608
901 402616
900 407624
900 412632
900 417640
899 422648
904 427656
900 432664
903 437672
900 442680
902 447688
898 452696
901 457704
899 462712
900 467720
900 472728
899 477736
902 482744
899 487752
PWM: 170
906 116
893 1732
898 6740
895 11748
899 16756
897 21764
898 26772
897 31780
898 36788
900 41796
897 46804
900 51812
898 56820
900 61828
895 66836
900 71844
897 76852
898 81860
898 86868
898 91876
901 96884
898 101892
901 106900
898 111908
900 116916
896 121924
899 126932
896 131940
898 136948
897 141956
898 146964
900 151972
897 156980
901 161988
897 166996
900 172004
895 177012
899 182020
899 192036
898 197044
897 202052
899 207060
898 212068
901 217076
898 222084
901 227092
896 232100
898 237108
897 242116
899 247124
898 252132
898 257140
899 262148
898 267156
902 272164
897 277172
900 282180
896 287188
899 292196
897 297204
898 302212
898 307220
898 312228
899 317236
897 322244
900 327252
898 332260
900 337268
895 342276
899 347284
897 352292
899 357300
898 362308
898 367316
899 372324
897 377332
902 382340
898 387348
900 392356
895 397364
899 402372
897 407380
898 412388
898 417396
898 422404
898 427412
897 432420
901 437428
898 442436
900 447444
894 452452
899 457460
896 462468
900 467476
897 472484
897 477492
898 482500
898 487508
PWM: 165
908 116
905 1492
901 6500
895 11508
897 16516
896 21524
897 26532
896 31540
896 36548
896 41556
896 46564
899 51572
896 56580
899 61588
893 66596
897 71604
895 76612
897 81620
896 86628
896 91636
897 96644
896 101652
900 106660
895 111668
898 116676
895 121684
898 126692
896 131700
897 136708
896 141716
896 146724
896 151732
896 156740
898 161748
896 166756
898 171764
894 176772
898 131967
895 186788
897 191796
895 196804
896 201812
897 206820
895 211828
900 216836
896 221844
899 226852
893 231860
898 236868
895 241876
897 246884
895 251892
896 256900
896 261908
896 266916
899 271924
896 276932
899 281940
894 286948
898 291956
894 296964
897 301972
895 306980
896 311988
896 316996
896 322004
899 327012
895 332020
899 337028
894 342036
897 347044
895 352052
897 357060
896 362068
897 367076
896 372084
896 377092
898 382100
896 387108
899 392116
893 397124
898 402132
894 407140
896 412148
895 417156
896 422164
897 427172
896 432180
899 437188
895 442196
899 447204
893 452212
898 457220
894 462228
897 467236
895 472244
897 477252
896 482260
896 487268
PWM: 160
909 116
903 1252
901 6260
893 11268
896 16276
892 21284
895 26292
893 31300
894 36308
894 41316
894 46324
895 51332
893 56340
897 61348
891 66356
896 71364
891 76372
895 81380
894 86388
894 91396
894 96404
894 101412
895 106420
893 111428
897 116436
894 121444
896 126452
892 131460
895 136468
893 141476
894 146484
893 151492
893 156500
894 161508
897 171524
894 176532
896 181540
892 186548
895 191556
894 196564
894 201572
893 206580
894 211588
895 216596
893 221604
897 226612
894 231620
896 236628
892 241636
895 246644
894 251652
894 256660
895 261668
894 266676
894 271684
893 276692
897 281700
894 286708
897 291716
892 296724
895 301732
893 306740
895 311748
894 316756
894 321764
894 326772
893 331780
897 336788
893 341796
897 346804
892 351812
895 356820
893 361828
894 366836
894 371844
894 376852
894 381860
894 386868
898 391876
894 396884
896 401892
891 406900
895 411908
894 416916
895 421924
894 426932
894 431940
895 436948
894 441956
897 446964
894 451972
897 456980
892 461988
895 466996
893 472004
895 477012
894 482020
894 487028
PWM: 155
908 120
907 1016
900 6024
895 11032
895 16040
890 21048
894 26056
891 31064
893 36072
892 41080
892 46088
893 51096
891 56104
896 61112
892 66120
895 71128
889 76136
894 81144
891 86152
893 91160
891 96168
892 101176
892 106184
892 111192
896 116200
892 121208
895 126216
890 131224
893 136232
892 141240
893 146248
891 151256
892 156264
891 166280
896 171288
892 176296
894 181304
890 186312
894 191320
891 196328
893 201336
892 206344
892 211352
893 216360
891 221368
896 226376
891 231384
894 236392
889 241400
893 246408
890 251416
893 256424
892 261432
892 266440
893 271448
892 276456
896 281464
892 286472
895 291480
889 296488
894 301496
892 306504
893 311512
892 316520
892 321528
892 326536
892 331544
894 336552
891 341560
895 346568
889 351576
893 356584
891 361592
893 366600
892 371608
892 376616
893 381624
892 386632
896 391640
891 396648
895 401656
889 406664
894 411672
890 416680
893 421688
892 426696
892 431704
893 436712
891 441720
894 446728
892 451736
895 456744
889 461752
894 466760
890 471768
893 476776
892 481784
892 486792
PWM: 150
908 116
910 772
899 5780
892 10788
895 15796
887 20804
893 25812
888 30820
891 35828
890 40836
891 45844
890 50852
890 55860
890 60868
889 65876
893 70884
888 75892
892 80900
888 85908
891 90916
889 95924
890 100932
890 105940
889 110948
891 115956
889 120964
893 125972
888 130980
893 135988
888 140996
891 146004
889 151012
891 161028
890 166036
891 171044
889 176052
893 181060
887 186068
893 191076
888 196084
891 201092
889 206100
890 211108
890 216116
890 221124
891 226132
889 231140
893 236148
887 241156
892 246164
888 251172
891 256180
889 261188
891 266196
890 271204
890 276212
892 281220
889 286228
893 291236
887 296244
893 301252
888 306260
891 311268
889 316276
890 321284
891 326292
889 331300
890 336308
889 341316
893 346324
888 351332
892 356340
888 361348
891 366356
889 371364
890 376372
890 381380
890 386388
891 391396
890 396404
893 401412
887 406420
893 411428
888 416436
892 421444
889 426452
890 431460
891 436468
889 441476
891 446484
889 451492
894 456500
890 461508
892 466516
887 471524
892 476532
888 481540
890 486548
PWM: 145
906 116
909 532
896 5540
891 10548
892 15556
887 20564
891 25572
886 30580
889 35588
887 40596
887 45604
888 50612
887 55620
888 60628
887 65636
890 70644
887 75652
890 80660
886 85668
889 90676
887 95684
888 100692
888 105700
887 110708
888 115716
887 120724
890 125732
887 130740
890 135748
885 140756
889 145764
887 131959
888 155780
888 160788
887 165796
888 170804
887 175812
890 180820
887 185828
891 190836
886 195844
889 200852
886 205860
889 210868
887 215876
887 220884
888 225892
887 230900
891 235908
886 240916
891 245924
885 250932
889 255940
886 260948
888 265956
887 270964
887 275972
888 280980
887 285988
888 290996
887 296004
890 301012
886 306020
889 311028
886 316036
889 321044
887 326052
888 331060
888 336068
887 341076
889 346084
887 351092
890 356100
885 361108
890 366116
887 371124
888 376132
888 381140
888 386148
888 391156
887 396164
888 401172
887 406180
891 411188
885 416196
889 421204
885 426212
889 431220
887 436228
887 441236
889 446244
887 451252
889 456260
887 461268
890 466276
885 471284
889 476292
887 481300
889 486308
PWM: 140
904 116
903 292
887 5300
886 10308
886 15316
884 20324
889 25332
882 30340
887 35348
884 40356
887 45364
885 50372
885 55380
885 60388
885 65396
887 70404
884 75412
888 80420
883 85428
888 90436
884 95444
886 100452
886 105460
885 110468
886 115476
885 120484
886 125492
884 130500
889 135508
881 140516
887 131958
884 150532
886 155540
885 160548
885 165556
886 170564
885 175572
887 180580
884 185588
888 190596
882 195604
887 200612
884 205620
886 210628
884 215636
885 220644
885 225652
885 230660
886 235668
885 240676
889 245684
882 250692
888 255700
883 260708
886 265716
884 270724
886 275732
886 280740
884 285748
886 290756
884 295764
888 300772
883 305780
888 310788
883 315796
886 320804
885 325812
886 330820
885 335828
885 340836
886 345844
884 350852
888 355860
883 360868
888 365876
883 370884
887 375892
885 380900
885 385908
886 390916
884 395924
886 400932
884 405940
888 410948
882 415956
888 420964
884 425972
886 430980
885 435988
885 440996
886 446004
885 451012
886 456020
885 461028
888 466036
883 471044
889 476052
883 481060
887 486068
PWM: 135
901 116
888 5060
883 10068
885 15076
883 20084
886 25092
880 30100
885 35108
880 40116
884 45124
882 50132
883 55140
883 60148
883 65156
884 70164
882 75172
885 80180
880 85188
885 90196
880 95204
884 100212
883 105220
883 110228
884 115236
882 120244
884 125252
881 130260
884 135268
880 140276
885 145284
880 150292
884 155300
882 160308
883 165316
883 170324
882 175332
884 180340
882 185348
884 190356
880 195364
886 200372
880 205380
884 210388
881 215396
883 220404
883 225412
883 230420
883 235428
882 240436
884 245444
881 250452
886 255460
880 260468
884 265476
882 270484
883 275492
884 280500
882 285508
883 290516
881 295524
884 300532
882 305540
886 310548
880 315556
885 320564
882 325572
884 330580
883 335588
882 340596
884 345604
881 350612
883 355620
882 360628
886 365636
880 370644
885 375652
881 380660
884 385668
883 390676
883 395684
883 400692
882 405700
884 410708
882 415716
886 420724
879 425732
884 430740
881 435748
883 440756
882 445764
883 450772
883 455780
881 460788
884 465796
882 470804
885 475812
880 480820
884 485828
881 490836
PWM: 130
901 116
888 4820
883 9828
881 14836
880 19844
882 24852
879 29860
884 34868
878 39876
883 44884
879 49892
881 54900
880 59908
880 64916
881 69924
879 74932
882 79940
879 84948
884 89956
877 94964
882 99972
879 104980
881 109988
880 114996
880 120004
880 125012
880 130020
881 135028
879 140036
884 145044
877 150052
883 155060
879 160068
880 165076
880 170084
879 175092
881 180100
879 185108
881 190116
879 195124
883 200132
877 205140
883 210148
879 215156
881 220164
880 225172
880 230180
880 235188
879 240196
882 245204
879 250212
883 255220
877 260228
882 265236
879 270244
881 275252
880 280260
880 285268
882 290276
879 295284
881 300292
880 305300
883 310308
877 315316
882 320324
878 325332
881 330340
880 335348
879 340356
881 345364
879 350372
882 355380
879 360388
883 365396
877 370404
883 375412
879 380420
881 385428
880 390436
880 395444
880 400452
879 405460
881 410468
879 415476
883 420484
876 425492
883 430500
878 435508
882 440516
880 445524
880 450532
880 455540
879 460548
882 465556
879 470564
883 475572
877 480580
882 485588
879 490596
PWM: 125
901 120
890 4584
883 9592
880 14600
878 19608
879 24616
876 29624
878 34632
874 39640
880 44648
876 49656
878 54664
877 59672
877 64680
878 69688
876 74696
878 79704
876 84712
878 89720
874 94728
881 99736
875 104744
878 109752
876 114760
877 119768
878 124776
877 129784
878 134792
876 139800
878 144808
874 149816
881 154824
875 159832
878 164840
877 169848
877 174856
878 179864
876 184872
878 189880
876 194888
878 199896
874 204904
880 209912
875 214920
879 219928
877 224936
878 229944
878 234952
877 239960
878 244968
876 249976
879 254984
874 259992
881 265000
875 270008
879 275016
877 280024
877 285032
878 290040
876 295048
878 300056
876 305064
878 310072
875 315080
880 320088
875 325096
879 330104
877 335112
877 340120
878 345128
876 350136
878 355144
876 360152
879 365160
874 370168
881 375176
875 380184
879 385192
877 390200
878 395208
878 400216
876 405224
878 410232
875 415240
878 420248
874 425256
881 430264
875 435272
879 440280
877 445288
877 450296
877 455304
877 460312
879 465320
876 470328
878 475336
874 480344
881 485352
875 490360
PWM: 120
898 116
887 4340
881 9348
879 14356
875 19364
876 24372
875 29380
876 34388
872 39396
877 44404
872 49412
877 54420
873 59428
875 64436
875 69444
874 74452
876 79460
873 84468
875 89476
871 94484
878 99492
872 104500
876 109508
873 114516
875 119524
875 124532
873 129540
875 134548
873 139556
876 144564
872 149572
877 154580
872 159588
877 164596
874 169604
876 174612
874 179620
873 184628
875 189636
873 194644
876 199652
873 204660
878 209668
872 214676
877 219684
873 224692
875 229700
874 234708
874 239716
875 244724
873 249732
875 254740
873 259748
877 264756
871 269764
877 274772
872 279780
875 284788
874 289796
874 294804
875 299812
873 304820
876 309828
873 314836
878 319844
871 324852
877 329860
873 334868
875 339876
874 344884
873 349892
875 354900
873 359908
876 364916
874 369924
877 374932
871 379940
877 384948
873 389956
876 394964
874 399972
873 404980
875 409988
874 414996
875 420004
873 425012
876 430020
871 435028
876 440036
873 445044
876 450052
874 455060
874 460068
875 465076
874 470084
876 475092
873 480100
876 485108
871 490116
PWM: 115
898 120
887 4104
880 9112
874 14120
872 19128
873 24136
870 29144
873 34152
870 39160
872 44168
869 49176
874 54184
870 59192
873 64200
871 69208
871 74216
872 79224
870 84232
873 89240
869 94248
873 99256
867 104264
874 109272
869 114280
871 124296
871 129304
872 134312
870 139320
873 144328
869 149336
872 154344
868 159352
874 164360
870 169368
873 174376
871 179384
871 184392
872 189400
870 194408
872 199416
870 204424
872 209432
867 214440
874 219448
869 224456
873 229464
871 234472
871 239480
872 244488
870 249496
873 254504
869 259512
872 264520
868 269528
874 274536
869 279544
873 284552
871 289560
871 294568
871 299576
870 304584
872 309592
869 314600
872 319608
868 324616
875 329624
869 334632
873 339640
871 344648
871 349656
872 354664
870 359672
872 364680
869 369688
873 374696
867 379704
875 384712
869 389720
872 394728
870 399736
871 404744
872 409752
870 414760
872 419768
870 424776
872 429784
867 434792
874 439800
869 444808
872 449816
871 454824
871 459832
872 464840
869 469848
872 474856
869 479864
872 484872
867 489880
PWM: 110
892 116
872 3860
872 8868
868 13876
869 18884
869 23892
867 28900
869 33908
866 38916
869 43924
863 48932
871 53940
865 58948
870 63956
866 68964
868 73972
869 78980
867 83988
869 88996
866 94004
869 99012
865 104020
865 114036
870 119044
867 124052
868 129060
868 134068
867 139076
868 144084
867 149092
869 154100
863 159108
871 164116
865 169124
870 174132
867 179140
868 184148
868 189156
867 194164
869 199172
867 204180
869 209188
863 214196
869 219204
865 224212
870 229220
867 234228
869 239236
868 244244
867 249252
869 254260
867 259268
869 264276
864 269284
869 274292
865 279300
870 284308
867 289316
869 294324
868 299332
867 304340
869 309348
866 314356
869 319364
865 324372
868 329380
865 334388
870 339396
867 344404
869 349412
867 354420
867 359428
868 364436
866 369444
869 374452
864 379460
869 384468
865 389476
870 394484
867 399492
868 404500
868 409508
867 414516
868 419524
867 424532
869 429540
864 434548
869 439556
865 444564
870 449572
866 454580
869 459588
868 464596
867 469604
869 474612
866 479620
869 484628
864 489636
PWM: 105
893 116
874 3620
873 8628
866 13636
867 18644
866 23652
864 28660
866 33668
863 38676
865 43684
862 48692
865 53700
861 58708
868 63716
863 68724
866 73732
864 78740
864 83748
865 88756
863 93764
863 103780
866 108788
861 113796
867 118804
862 123812
865 128820
865 133828
863 138836
865 143844
862 148852
866 153860
862 158868
865 163876
861 168884
868 173892
862 178900
866 183908
864 188916
864 193924
865 198932
862 203940
866 208948
862 213956
865 218964
861 223972
866 228980
863 233988
865 238996
864 244004
863 249012
864 254020
862 259028
866 264036
862 269044
865 274052
860 279060
866 284068
862 289076
866 294084
864 299092
864 304100
865 309108
863 314116
866 319124
862 324132
865 329140
861 334148
866 339156
863 344164
866 349172
864 354180
864 359188
865 364196
863 369204
865 374212
862 379220
865 384228
860 389236
866 394244
862 399252
866 404260
863 409268
864 414276
865 419284
862 424292
866 429300
863 434308
865 439316
860 444324
867 449332
863 454340
866 459348
864 464356
864 469364
864 474372
863 479380
865 484388
863 489396
PWM: 100
891 120
874 3384
869 8392
862 13400
864 18408
861 23416
861 28424
861 33432
860 38440
863 43448
859 48456
862 53464
857 58472
861 63480
859 68488
862 73496
860 78504
861 83512
861 66393
860 93528
862 98536
859 103544
862 108552
856 113560
862 118568
858 123576
862 128584
860 133592
860 138600
861 143608
859 148616
862 153624
858 158632
862 163640
856 168648
861 173656
858 178664
863 183672
859 188680
861 193688
861 198696
859 203704
862 208712
858 213720
862 218728
856 223736
861 228744
858 233752
863 238760
860 243768
861 248776
861 253784
859 258792
862 263800
858 268808
862 273816
857 278824
861 283832
858 288840
862 293848
859 298856
860 303864
861 308872
860 313880
861 318888
859 323896
861 328904
857 333912
861 338920
857 343928
863 348936
860 353944
861 358952
861 363960
859 368968
861 373976
858 378984
861 383992
857 389000
861 394008
858 399016
863 404024
859 409032
861 414040
860 419048
860 424056
861 429064
858 434072
862 439080
856 444088
861 449096
858 454104
862 459112
859 464120
861 469128
860 474136
859 479144
861 484152
858 489160
PWM: 95
891 116
881 3148
869 8148
859 13156
861 18164
857 23172
858 28180
857 33188
856 38196
857 43204
854 48212
858 53220
853 58228
858 63236
853 68244
859 73252
858 83268
856 88276
855 93284
857 98292
854 103300
857 108308
853 113316
857 118324
853 123332
858 128340
855 133348
857 138356
856 143364
855 148372
857 153380
854 158388
857 163396
852 168404
858 173412
853 178420
859 183428
855 188436
857 193444
857 198452
855 203460
857 208468
855 213476
857 218484
853 223492
857 228500
853 233508
859 238516
854 243524
858 248532
856 253540
856 258548
857 263556
854 268564
858 273572
852 278580
858 283588
853 288596
858 293604
855 298612
857 303620
856 308628
856 313636
857 318644
855 323652
857 328660
852 333668
858 338676
853 343684
859 348692
855 353700
858 358708
856 363716
856 368724
857 373732
854 378740
858 383748
854 388756
858 393764
853 398772
859 403780
855 408788
858 413796
856 418804
856 423812
857 428820
855 433828
857 438836
854 443844
857 448852
852 453860
859 458868
855 463876
859 468884
856 473892
856 478900
857 483908
854 488916
PWM: 90
892 120
880 2904
866 7912
855 12920
856 17928
853 22936
855 27944
852 32952
852 37960
853 42968
850 47976
853 52984
850 57992
848 68008
853 73016
850 78024
854 83032
851 88040
852 93048
852 98056
850 103064
854 108072
850 113080
853 118088
849 123096
853 128104
850 133112
853 138120
851 143128
852 148136
852 153144
850 158152
853 163160
850 168168
853 173176
848 178184
852 183192
849 188200
854 193208
852 198216
852 203224
853 208232
850 213240
853 218248
850 223256
854 228264
848 233272
853 238280
850 243288
854 248296
851 253304
852 258312
852 263320
851 268328
853 273336
850 278344
853 283352
848 288360
853 293368
849 298376
855 303384
851 308392
852 313400
853 318408
851 323416
853 328424
850 333432
853 338440
848 343448
852 348456
850 353464
854 358472
851 363480
852 368488
852 373496
850 378504
853 383512
850 388520
853 393528
847 398536
853 403544
849 408552
855 413560
851 418568
852 423576
852 428584
850 433592
853 438600
849 443608
854 448616
848 453624
852 458632
850 463640
855 468648
851 473656
852 478664
852 483672
852 488680
PWM: 85
884 116
880 2660
864 7668
850 12676
852 17684
847 22692
851 27700
847 32708
849 37716
848 42724
846 47732
845 57748
848 62756
843 67764
848 72772
844 77780
849 82788
846 87796
848 92804
847 97812
846 102820
848 107828
844 112836
849 117844
843 122852
849 127860
844 132868
850 137876
846 142884
848 147892
847 152900
846 157908
848 162916
845 167924
849 172932
843 177940
848 182948
845 187956
849 192964
846 197972
848 202980
847 207988
846 212996
848 218004
845 223012
849 228020
843 233028
848 238036
844 243044
850 248052
845 253060
848 258068
848 263076
846 268084
848 273092
845 278100
848 283108
843 288116
848 293124
844 298132
848 303140
846 308148
848 313156
846 318164
846 323172
847 328180
845 333188
849 338196
844 343204
849 348212
844 353220
848 358228
845 363236
848 368244
847 373252
846 378260
848 383268
845 388276
848 393284
843 398292
848 403300
844 408308
847 413316
845 418324
848 423332
847 428340
846 433348
848 438356
845 443364
849 448372
843 453380
848 458388
844 463396
848 468404
845 473412
848 478420
847 483428
846 488436
PWM: 80
881 120
879 2424
861 7432
847 12440
848 17448
842 22456
844 27464
841 32472
845 37480
842 840
842 47496
843 52504
840 57512
843 62520
838 67528
844 72536
839 77544
842 82552
841 87560
844 92568
841 97576
842 102584
843 107592
841 112600
844 117608
838 122616
843 127624
838 132632
843 137640
840 142648
844 147656
842 152664
841 157672
842 162680
840 167688
843 172696
838 177704
843 182712
838 187720
843 192728
840 197736
844 202744
841 207752
841 212760
842 217768
840 222776
843 227784
838 232792
843 237800
838 242808
843 247816
839 252824
845 257832
841 262840
842 267848
843 272856
840 277864
843 282872
840 287880
844 292888
838 297896
843 302904
839 307912
844 312920
842 317928
841 322936
842 327944
840 332952
844 337960
840 342968
843 347976
838 352984
843 357992
840 363000
844 368008
841 373016
842 378024
842 383032
840 388040
843 393048
839 398056
843 403064
838 408072
842 413080
841 418088
844 423096
841 428104
842 433112
842 438120
840 443128
843 448136
839 453144
843 458152
838 463160
843 468168
839 473176
844 478184
841 483192
842 488200
PWM: 75
885 120
872 2184
856 7192
843 12200
842 17208
839 27224
835 32232
839 37240
836 42248
837 47256
837 52264
835 57272
838 62280
834 67288
838 72296
832 77304
837 82312
833 87320
836 92328
835 97336
837 102344
837 107352
834 112360
838 117368
833 122376
838 127384
833 132392
837 137400
834 142408
836 147416
835 152424
837 157432
836 162440
835 167448
837 172456
834 177464
837 182472
831 187480
837 192488
833 197496
836 202504
836 207512
836 212520
836 217528
835 222536
838 227544
833 232552
837 237560
832 242568
837 247576
833 252584
836 257592
835 262600
837 267608
836 272616
835 277624
837 282632
834 287640
837 292648
831 297656
837 302664
833 307672
837 312680
835 317688
837 322696
836 327704
835 332712
837 337720
834 342728
837 347736
831 352744
838 357752
834 362760
836 367768
835 372776
837 377784
836 382792
835 387800
837 392808
834 397816
837 402824
831 407832
838 412840
833 417848
836 422856
835 427864
837 432872
836 437880
835 442888
837 447896
833 452904
838 457912
831 462920
838 467928
833 472936
837 477944
835 482952
837 487960
PWM: 70
872 120
867 1944
837 11960
836 16968
828 21976
833 26984
828 31992
831 37000
829 42008
832 47016
830 52024
829 57032
831 62040
828 67048
831 72056
825 77064
831 82072
827 87080
831 92088
828 97096
832 102104
829 107112
830 112120
830 117128
827 122136
831 127144
825 132152
831 137160
826 142168
830 147176
828 152184
831 157192
830 162200
829 167208
831 172216
827 177224
831 182232
825 187240
831 192248
826 197256
830 202264
828 207272
831 212280
829 217288
830 222296
830 227304
827 232312
831 237320
826 242328
832 247336
826 252344
830 257352
828 262360
832 267368
830 272376
830 277384
831 282392
828 287400
831 292408
826 297416
831 302424
826 307432
830 312440
828 317448
832 322456
829 327464
830 332472
830 337480
828 342488
831 347496
825 352504
832 357512
827 362520
830 367528
827 372536
832 377544
830 382552
830 387560
830 392568
827 397576
831 402584
825 407592
831 412600
826 417608
831 422616
827 427624
831 432632
829 437640
830 442648
831 447656
828 452664
831 457672
826 462680
831 467688
826 472696
830 477704
828 482712
831 487720
PWM: 65
874 120
880 1704
853 6712
837 11720
832 16728
824 21736
828 26744
821 31752
825 36760
822 41768
823 46776
822 51784
824 56792
824 61800
821 66808
824 71816
819 76824
825 81832
819 86840
824 91848
821 96856
822 101864
822 106872
823 111880
823 116888
821 121896
823 126904
821 131912
824 136920
819 141928
823 146936
820 151944
823 156952
822 161960
823 166968
823 171976
821 176984
824 181992
820 187000
824 192008
819 197016
824 202024
820 207032
823 212040
822 217048
824 222056
823 227064
821 232072
824 237080
821 242088
824 247096
819 252104
824 257112
820 262120
823 267128
821 272136
823 277144
823 282152
822 287160
824 292168
820 297176
824 302184
818 307192
823 312200
820 317208
823 322216
822 327224
823 332232
822 337240
821 342248
823 347256
821 352264
824 357272
819 362280
823 367288
821 372296
823 377304
821 382312
824 387320
823 392328
821 397336
824 402344
820 407352
824 412360
819 417368
824 422376
820 427384
822 432392
822 437400
823 442408
822 447416
821 452424
824 457432
821 462440
824 467448
819 472456
825 477464
820 482472
823 487480
PWM: 60
877 120
864 3512
841 8520
828 13528
824 18536
817 23544
820 28552
813 33560
817 38568
814 43576
816 48584
815 53592
816 58600
815 63608
814 68616
816 73624
813 78632
816 83640
811 88648
816 93656
813 98664
816 103672
814 108680
816 113688
815 118696
814 123704
816 128712
813 133720
816 138728
811 143736
816 148744
813 153752
816 158760
814 163768
816 168776
815 173784
814 178792
816 183800
812 188808
817 193816
810 198824
817 203832
812 208840
816 213848
813 218856
816 223864
815 228872
815 233880
816 238888
813 243896
817 248904
811 253912
816 258920
813 263928
815 268936
814 273944
816 278952
815 283960
814 288968
816 293976
812 298984
816 303992
810 309000
817 314008
811 319016
816 324024
813 329032
816 334040
815 339048
815 344056
816 349064
813 354072
816 359080
810 364088
816 369096
812 374104
815 379112
813 384120
817 389128
815 394136
815 399144
815 404152
813 409160
816 414168
811 419176
816 424184
812 429192
816 434200
813 439208
814 444216
815 449224
814 454232
816 459240
812 464248
816 469256
810 474264
816 479272
811 484280
816 489288
PWM: 55
872 116
862 3524
835 8532
822 13540
816 18548
810 23556
812 28564
804 33572
809 38580
805 43588
808 48596
806 53604
808 58612
807 63620
805 68628
807 73636
804 78644
808 83652
803 88660
807 93668
803 98676
807 103684
805 108692
807 113700
806 118708
805 123716
807 128724
804 133732
808 138740
801 143748
808 148756
803 153764
806 158772
805 163780
807 168788
806 173796
805 178804
807 183812
803 188820
808 193828
802 198836
807 203844
803 208852
806 213860
805 218868
806 223876
806 228884
806 233892
807 238900
803 243908
808 248916
801 253924
808 258932
802 263940
806 268948
805 273956
805 278964
806 283972
806 288980
807 293988
804 298996
807 304004
801 309012
807 314020
803 319028
806 324036
804 329044
806 334052
806 339060
805 344068
806 349076
804 354084
807 359092
801 364100
807 369108
802 374116
806 379124
804 384132
805 389140
806 394148
805 399156
806 404164
803 409172
807 414180
802 419188
807 424196
802 429204
807 434212
805 439220
806 444228
806 449236
806 454244
807 459252
804 464260
808 469268
801 474276
808 479284
803 484292
806 489300
PWM: 50
870 116
860 3284
832 8292
817 13300
809 18308
801 23316
802 28324
795 33332
800 38340
795 43348
799 48356
796 53364
797 58372
797 63380
797 68388
797 73396
794 78404
798 83412
793 88420
798 93428
793 98436
797 103444
795 108452
796 113460
795 118468
796 123476
797 128484
794 133492
797 138500
791 143508
798 148516
792 153524
797 158532
794 163540
796 168548
795 173556
797 178564
796 183572
794 188580
798 193588
791 198596
797 203604
792 208612
797 213620
795 218628
796 223636
796 228644
796 233652
796 238660
794 243668
797 248676
792 253684
797 258692
793 263700
798 268708
794 273716
796 278724
795 283732
796 288740
797 293748
794 298756
798 303764
792 308772
798 313780
792 318788
797 323796
794 328804
796 333812
795 338820
796 343828
796 348836
794 353844
797 358852
791 363860
797 368868
792 373876
797 378884
793 383892
796 388900
796 393908
796 398916
796 403924
794 408932
798 413940
791 418948
797 423956
792 428964
796 433972
794 438980
796 443988
795 448996
797 454004
796 459012
794 464020
797 469028
791 474036
797 479044
792 484052
798 489060
PWM: 45
858 116
844 4068
816 9076
803 14084
796 19092
791 24100
790 29108
783 34116
788 39124
782 44132
787 49140
784 54148
786 59156
785 64164
784 69172
785 74180
784 79188
786 84196
782 89204
786 94212
781 99220
786 104228
782 109236
786 114244
784 119252
783 124260
784 129268
783 134276
786 139284
782 144292
786 149300
780 154308
785 159316
783 164324
784 169332
783 174340
784 179348
784 184356
783 189364
786 194372
782 199380
785 204388
780 209396
786 214404
782 219412
785 224420
783 229428
783 234436
785 239444
784 244452
786 249460
782 254468
786 259476
780 264484
785 269492
782 274500
785 279508
783 284516
784 289524
785 294532
784 299540
785 304548
782 309556
786 314564
780 319572
786 324580
781 329588
785 334596
783 339604
783 344612
785 349620
783 354628
785 359636
781 364644
786 369652
780 374660
785 379668
782 384676
785 389684
783 394692
784 399700
784 404708
784 409716
785 414724
782 419732
785 424740
780 429748
786 434756
782 439764
785 444772
783 449780
783 454788
784 459796
784 464804
784 469812
782 474820
786 479828
780 484836
786 489844
PWM: 40
858 120
847 3832
814 8840
798 13848
788 18856
782 23864
779 28872
774 33880
776 38888
769 43896
775 48904
770 53912
774 58920
771 63928
772 68936
772 73944
771 78952
772 83960
769 88968
773 93976
768 98984
772 103992
768 109000
772 114008
769 119016
771 124024
771 129032
770 134040
772 139048
768 144056
772 149064
766 154072
773 159080
767 164088
772 169096
770 174104
770 179112
771 184120
771 189128
771 194136
769 199144
772 204152
767 209160
772 214168
769 219176
772 224184
769 229192
771 234200
770 239208
770 244216
771 249224
769 254232
772 259240
766 264248
772 269256
768 274264
772 279272
769 284280
770 289288
771 294296
770 299304
772 304312
769 309320
772 314328
767 319336
772 324344
768 329352
772 334360
769 339368
771 344376
770 349384
771 354392
771 359400
769 364408
772 369416
767 374424
773 379432
768 384440
772 389448
770 394456
770 399464
770 404472
771 409480
771 414488
769 419496
772 424504
767 429512
772 434520
768 439528
772 444536
769 449544
771 454552
770 459560
771 464568
771 469576
769 474584
773 479592
767 484600
772 489608
PWM: 35
856 120
845 3592
809 8600
789 13608
775 18616
767 23624
765 28632
761 33640
760 38648
755 43656
759 48664
754 53672
758 58680
755 63688
757 68696
755 73704
754 78712
756 83720
754 88728
757 93736
751 98744
757 103752
752 108760
756 113768
753 118776
756 123784
754 128792
754 133800
756 138808
754 143816
756 148824
751 153832
756 158840
751 163848
756 168856
753 173864
755 178872
754 183880
754 188888
755 193896
753 198904
756 203912
751 208920
756 213928
752 218936
756 223944
753 228952
755 233960
754 238968
754 243976
755 248984
754 253992
755 259000
751 264008
756 269016
751 274024
755 279032
752 284040
755 289048
753 294056
754 299064
755 304072
754 309080
756 314088
751 319096
756 324104
751 329112
756 334120
753 339128
755 344136
754 349144
753 354152
755 359160
754 364168
756 369176
750 374184
756 379192
751 384200
756 389208
753 394216
755 399224
754 404232
754 409240
755 414248
754 419256
757 424264
752 429272
755 434280
751 439288
756 444296
753 449304
756 454312
753 459320
755 464328
755 469336
755 474344
755 479352
753 484360
756 489368
PWM: 30
847 120
841 3352
801 8360
779 13368
762 18376
753 23384
748 28392
744 33400
743 38408
739 43416
741 48424
735 53432
739 58440
736 63448
738 68456
736 73464
736 78472
737 83480
736 88488
738 93496
734 98504
737 103512
732 108520
738 113528
733 118536
737 123544
735 128552
735 133560
736 138568
735 143576
737 148584
733 153592
737 158600
732 163608
737 168616
733 173624
736 178632
735 183640
735 188648
735 193656
736 198664
736 203672
733 208680
737 213688
732 218696
737 223704
733 228712
735 233720
734 238728
735 243736
735 248744
735 253752
735 258760
734 263768
736 268776
731 273784
736 278792
733 283800
736 288808
734 293816
735 298824
735 303832
736 308840
736 313848
734 318856
737 323864
732 328872
737 333880
733 338888
736 343896
734 348904
735 353912
736 358920
733 363928
736 368936
733 373944
737 378952
731 383960
737 388968
732 393976
736 398984
734 403992
735 409000
735 414008
734 419016
736 424024
733 429032
736 434040
731 439048
737 444056
732 449064
736 454072
734 459080
735 464088
735 469096
734 474104
736 479112
733 484120
737 489128
PWM: 25
838 120
835 3112
793 8120
768 13128
747 18136
736 23144
728 28152
722 33160
721 38168
717 43176
718 48184
712 53192
716 58200
712 63208
714 68216
713 73224
713 78232
713 83240
711 88248
713 93256
711 98264
713 103272
709 108280
713 113288
710 118296
712 123304
710 128312
712 133320
711 138328
711 143336
712 148344
711 153352
712 158360
707 163368
712 168376
709 173384
712 178392
710 183400
712 188408
711 193416
710 198424
711 203432
710 208440
713 213448
708 218456
712 223464
708 228472
712 233480
710 238488
712 243496
710 248504
710 253512
711 258520
710 263528
712 268536
708 273544
712 278552
708 283560
713 288568
710 293576
711 298584
710 303592
710 308600
712 313608
710 318616
712 323624
707 328632
712 333640
708 338648
712 343656
709 348664
712 353672
710 358680
710 363688
711 368696
710 373704
712 378712
707 383720
712 388728
708 393736
712 398744
709 403752
711 408760
711 413768
710 418776
711 423784
710 428792
712 433800
708 438808
712 443816
708 448824
712 453832
710 458840
712 463848
710 468856
710 473864
712 478872
710 483880
712 488888
PWM: 20
827 120
824 2872
779 7880
750 12888
726 17896
714 22904
703 27912
697 32920
693 37928
690 42936
689 47944
683 52952
686 57960
681 62968
685 67976
681 72984
683 77992
682 83000
681 88008
682 93016
681 98024
682 103032
677 108040
682 113048
678 118056
682 123064
679 128072
681 133080
679 138088
680 143096
681 148104
678 153112
681 158120
676 163128
681 168136
677 173144
681 178152
678 183160
681 188168
679 193176
679 198184
680 203192
678 208200
682 213208
676 218216
681 223224
677 228232
681 233240
678 238248
681 243256
679 248264
679 253272
679 258280
678 263288
681 268296
676 273304
681 278312
677 283320
681 288328
678 293336
680 298344
679 303352
679 308360
680 313368
678 318376
681 323384
678 328392
680 333400
677 338408
680 343416
679 348424
680 353432
679 358440
679 363448
680 368456
678 373464
680 378472
678 383480
681 388488
676 393496
681 398504
678 403512
681 408520
678 413528
679 418536
680 423544
678 428552
680 433560
678 438568
680 443576
677 448584
681 453592
678 458600
680 463608
678 468616
680 473624
679 478632
678 483640
680 488648
PWM: 15
812 116
816 2628
770 7636
734 12644
704 17652
687 22660
671 27668
664 32676
657 37684
652 42692
650 47700
646 52708
647 57716
641 62724
643 67732
640 72740
642 77748
639 82756
640 87764
639 92772
638 97780
640 102788
638 107796
639 112804
635 117812
639 122820
636 127828
638 132836
637 137844
638 142852
637 147860
636 152868
638 157876
636 162884
638 167892
634 172900
638 177908
635 182916
637 187924
636 192932
637 197940
636 202948
636 207956
637 212964
635 217972
637 222980
633 227988
637 253028
636 258036
635 263044
637 268052
635 273060
637 278068
634 283076
637 288084
635 293092
637 298100
636 303108
636 308116
636 313124
636 318132
637 323140
635 328148
637 333156
633 338164
638 343172
634 348180
637 353188
635 358196
636 363204
636 368212
635 373220
636 378228
635 383236
637 388244
633 393252
637 398260
634 403268
637 408276
635 413284
637 418292
636 423300
636 428308
637 433316
635 438324
637 443332
632 448340
638 453348
634 458356
637 463364
635 468372
636 473380
637 478388
636 483396
637 488404
PWM: 10
789 120
811 2392
763 7400
719 12408
679 17416
655 22424
633 27432
620 32440
609 37448
601 42456
596 47464
589 52472
588 57480
582 62488
584 67496
579 72504
581 77512
578 82520
578 87528
577 92536
576 97544
576 102552
574 107560
575 112568
572 117576
575 122584
572 127592
575 132600
573 137608
574 142616
573 147624
573 152632
573 157640
571 162648
573 167656
570 172664
573 177672
570 182680
573 187688
572 192696
573 197704
573 202712
571 207720
572 212728
571 217736
572 222744
569 227752
573 232760
569 237768
572 242776
571 247784
572 252792
571 257800
570 262808
571 267816
570 272824
572 493176
568 498184
572 287848
569 292856
572 297864
570 302872
571 307880
571 312888
571 317896
571 322904
569 327912
571 332920
569 337928
572 342936
569 347944
572 352952
569 357960
571 362968
571 367976
570 372984
571 377992
568 383000
572 388008
568 393016
571 398024
569 403032
571 408040
569 413048
571 418056
570 423064
570 428072
571 433080
569 438088
571 443096
568 448104
572 453112
568 458120
571 463128
569 468136
572 473144
570 478152
570 483160
570 488168
PWM: 5
769 116
793 2148
745 7156
690 12164
641 17172
605 22180
574 27188
551 32196
533 37204
518 42212
508 47220
498 52228
492 57236
484 62244
483 67252
477 72260
476 77268
472 82276
471 87284
469 92292
468 97300
466 102308
464 107316
465 112324
461 117332
463 122340
460 127348
462 132356
460 137364
461 142372
460 147380
459 152388
459 157396
458 162404
459 167412
458 172420
458 177428
456 182436
458 187444
457 192452
458 197460
457 202468
456 207476
457 212484
456 217492
457 222500
456 227508
457 232516
454 237524
456 242532
455 247540
456 252548
455 257556
456 262564
456 267572
455 272580
456 277588
455 282596
455 287604
453 292612
455 297620
454 302628
455 307636
454 312644
454 317652
455 322660
454 327668
455 332676
454 337684
455 342692
453 347700
455 352708
454 357716
455 362724
454 367732
454 372740
454 377748
453 382756
454 387764
454 392772
454 397780
452 402788
454 407796
453 412804
454 417812
453 422820
453 427828
453 432836
452 437844
454 442852
452 447860
454 452868
452 457876
454 462884
453 467892
454 472900
453 477908
453 482916
453 487924
PWM: 0
728 116
763 1908
720 6916
650 11924
583 16932
520 21940
464 26948
415 31956
373 36964
336 41972
306 46980
279 51988
256 56996
238 62004
221 67012
207 72020
195 77028
185 82036
175 87044
168 92052
161 97060
155 102068
150 107076
144 112084
141 117092
137 122100
133 127108
130 132116
127 137124
125 142132
123 147140
121 152148
120 157156
118 162164
116 167172
115 172180
113 177188
112 182196
111 187204
110 192212
109 197220
109 202228
108 207236
107 212244
107 217252
106 222260
106 227268
103 232276
104 237284
104 242292
102 247300
101 252308
101 257316
101 262324
100 267332
99 272340
100 277348
99 282356
99 287364
99 292372
98 297380
98 302388
98 307396
97 312404
97 317412
97 322420
97 327428
96 332436
96 337444
96 342452
95 347460
96 352468
95 357476
95 362484
95 367492
94 372500
94 377508
94 382516
93 387524
94 392532
94 397540
94 402548
94 407556
94 412564
94 417572
94 422580
92 427588
93 432596
94 437604
93 442612
92 447620
92 492692
92 497700