PWM: 250
708 116
707 2620
705 7620
705 12620
705 17620
704 22620
704 27620
704 32620
705 37620
704 42620
704 47620
705 52620
705 57620
705 62620
704 67620
705 72620
705 77620
704 82620
704 87620
705 92620
705 97620
705 102620
705 107620
705 112620
704 117620
705 122620
704 127620
705 132620
704 137620
704 142620
705 147620
704 152620
705 157620
705 162620
704 167620
704 172620
704 177620
704 182620
705 187620
705 192620
704 197620
704 202620
705 207620
705 212620
704 217620
702 222620
704 227620
705 232620
704 237620
704 242620
704 247620
704 252620
704 257620
705 262620
705 267620
705 272620
705 277620
704 282620
705 287620
704 292620
705 297620
705 302620
705 307620
704 312620
705 317620
705 322620
704 327620
705 332620
705 337620
705 342620
STEP
PWM: 245
708 116
704 4716
704 9716
702 14716
701 19716
702 24716
702 29716
701 34716
701 39716
701 44716
701 49716
702 54716
702 59716
701 64716
701 69716
701 74716
701 79716
702 84716
701 89716
700 94716
702 99716
702 104716
701 109716
702 114716
701 119716
702 124716
701 129716
701 134716
702 139716
701 144716
702 149716
702 154716
701 159716
701 164716
702 169716
701 174716
701 179716
702 184716
702 189716
702 194716
701 199716
700 204716
702 209716
701 214716
701 219716
701 224716
702 229716
702 234716
702 239716
702 244716
701 249716
702 254716
701 259716
701 264716
702 269716
701 274716
701 279716
701 284716
701 289716
701 294716
702 299716
702 304716
702 309716
702 314716
701 319716
702 324716
701 329716
702 334716
702 339716
702 344716
STEP
PWM: 240
707 116
706 1812
702 6812
700 11812
699 16812
699 21812
698 26812
698 31812
698 36812
698 41812
699 46812
698 51812
698 56812
699 61812
698 66812
698 71812
696 76812
698 81812
698 86812
699 91812
698 96812
698 101812
698 106812
696 111812
698 116812
698 121812
698 126812
699 131812
698 136812
699 141812
698 146812
700 151812
698 156812
698 161812
698 166812
698 171812
698 176812
698 181812
698 186812
698 191812
699 196812
699 201812
698 206812
698 211812
699 216812
697 221812
698 226812
698 231812
698 236812
698 241812
699 246812
698 251812
698 256812
698 261812
698 266812
698 271812
698 276812
698 281812
699 286812
698 291812
699 296812
698 301812
699 306812
699 311812
699 316812
698 321812
699 326812
696 331812
699 336812
699 341812
STEP
PWM: 235
707 116
703 3908
699 8908
697 13908
696 18908
696 23908
696 28908
695 33908
696 38908
695 43908
695 48908
696 53908
692 58908
695 63908
696 68908
695 73908
696 78908
695 83908
696 88908
693 93908
695 98908
696 103908
695 108908
695 113908
695 118908
696 123908
696 128908
696 133908
696 138908
695 143908
695 148908
695 153908
695 158908
695 163908
696 168908
695 173908
695 178908
695 183908
695 188908
695 193908
696 198908
694 203908
695 208908
695 213908
695 218908
695 223908
696 228908
696 233908
693 238908
695 243908
695 248908
695 253908
696 258908
695 263908
695 268908
695 273908
695 278908
695 283908
696 288908
695 293908
695 298908
696 303908
695 308908
693 313908
695 318908
695 323908
695 328908
695 333908
695 338908
695 343908
STEP
PWM: 230
707 120
703 1008
699 6008
696 11008
694 16008
693 21008
693 26008
692 31008
691 36008
692 41008
692 46008
692 51008
692 56008
692 61008
692 66008
692 71008
690 76008
692 81008
692 86008
692 91008
692 96008
692 101008
692 106008
690 111008
692 116008
692 121008
692 126008
692 131008
692 136008
693 141008
692 146008
692 151008
692 156008
692 161008
692 166008
692 171008
692 176008
692 181008
690 186008
692 191008
692 196008
692 201008
692 206008
692 211008
692 216008
690 221008
693 226008
692 231008
692 236008
692 241008
691 246008
692 251008
690 256008
692 261008
692 266008
692 271008
692 276008
692 281008
692 286008
692 291008
692 296008
692 301008
692 306008
691 311008
692 316008
693 321008
692 326008
690 331008
692 336008
692 341008
STEP
PWM: 225
707 120
702 3104
695 8104
691 13104
691 18104
690 23104
689 28104
689 33104
688 38104
689 43104
689 48104
688 53104
687 58104
689 63104
689 68104
688 73104
689 78104
689 83104
688 88104
687 93104
689 98104
689 103104
688 108104
690 113104
689 118104
688 123104
687 128104
689 133104
689 138104
689 143104
688 148104
689 153104
689 158104
688 163104
687 168104
689 173104
688 178104
689 183104
688 188104
689 193104
689 198104
687 203104
689 208104
689 213104
689 218104
689 223104
689 228104
688 233104
687 238104
688 243104
688 248104
689 253104
688 258104
689 263104
689 268104
689 273104
689 278104
689 283104
689 288104
688 293104
688 298104
688 303104
689 308104
687 313104
689 318104
689 323104
688 328104
689 333104
689 338104
688 343104
STEP
PWM: 220
708 120
707 240
697 5200
692 10200
688 15200
686 20200
686 25200
686 30200
686 35200
684 40200
685 45200
686 50200
686 55200
686 60200
685 65200
686 70200
683 75200
685 80200
685 85200
686 90200
686 95200
685 100200
686 105200
683 110200
686 115200
685 120200
685 125200
686 130200
686 135200
685 140200
684 145200
685 150200
685 155200
686 160200
686 165200
685 170200
685 175200
685 180200
683 185200
686 190200
685 195200
686 200200
685 205200
686 210200
685 215200
684 220200
686 225200
685 230200
686 235200
685 240200
685 245200
685 250200
683 255200
685 260200
685 265200
685 270200
686 275200
686 280200
686 285200
685 290200
683 295200
685 300200
686 305200
686 310200
686 315200
686 320200
685 325200
683 330200
685 335200
685 340200
STEP
PWM: 215
707 120
700 3320
691 8320
686 13320
682 18320
680 23320
683 28320
683 33320
682 38320
682 43320
682 48320
682 53320
680 58320
681 63320
683 68320
682 73320
681 78320
682 83320
681 88320
680 93320
682 98320
682 103320
682 108320
682 113320
682 118320
681 123320
680 128320
681 133320
682 138320
682 143320
682 148320
682 153320
682 158320
683 163320
680 168320
682 173320
681 178320
682 183320
682 188320
682 193320
682 198320
680 203320
682 208320
681 213320
682 218320
681 223320
682 228320
682 233320
680 238320
681 243320
682 248320
682 253320
681 258320
682 263320
681 268320
680 273320
679 278320
681 283320
682 288320
682 293320
682 298320
682 303320
681 308320
680 313320
682 318320
682 323320
681 328320
682 333320
682 338320
681 343320
STEP
PWM: 210
707 116
705 412
694 5412
685 10412
682 15412
680 20412
679 25412
680 30412
676 35412
677 40412
678 45412
678 50412
678 55412
679 60412
678 65412
678 70412
676 75412
678 80412
678 85412
678 90412
678 95412
678 100412
678 105412
676 110412
679 115412
678 120412
678 125412
678 130412
679 135412
679 140412
676 145412
676 150412
678 155412
678 160412
678 165412
678 170412
678 175412
678 180412
676 185412
678 190412
678 195412
678 200412
679 205412
678 210412
677 215412
676 220412
678 225412
679 230412
678 235412
678 240412
678 245412
678 250412
676 255412
678 260412
678 265412
678 270412
678 275412
678 280412
678 285412
676 290412
676 295412
677 300412
679 305412
678 310412
677 315412
678 320412
677 325412
676 330412
677 335412
679 340412
STEP
PWM: 205
707 120
696 3536
685 8536
680 13536
675 18536
675 23536
675 28536
675 33536
675 38536
675 43536
675 48536
676 53536
673 58536
674 63536
675 68536
674 73536
675 78536
675 83536
674 88536
672 93536
674 98536
675 103536
674 108536
674 113536
675 118536
675 123536
672 128536
672 133536
674 138536
674 143536
674 148536
674 153536
674 158536
672 163536
673 168536
674 173536
674 178536
675 183536
675 188536
674 193536
675 198536
672 203536
674 208536
675 213536
674 218536
674 223536
674 228536
674 233536
672 238536
675 243536
674 248536
674 253536
674 258536
674 263536
674 268536
672 273536
673 278536
675 283536
674 288536
674 293536
674 298536
674 303536
675 308536
672 313536
674 318536
675 323536
674 328536
674 333536
675 338536
675 343536
STEP
PWM: 200
705 120
704 632
687 5632
680 10632
675 15632
674 20632
672 25632
672 30632
670 35632
669 40632
671 45632
671 50632
671 55632
671 60632
671 65632
670 70632
668 75632
671 80632
671 85632
670 90632
670 95632
671 100632
670 105632
669 110632
671 115632
671 120632
671 125632
671 130632
671 135632
670 140632
668 145632
669 150632
671 155632
670 160632
671 165632
671 170632
671 175632
669 180632
668 185632
671 190632
670 195632
671 200632
671 205632
671 210632
671 215632
668 220632
671 225632
671 230632
671 235632
671 240632
671 245632
670 250632
669 255632
668 260632
671 265632
671 270632
670 275632
671 280632
670 285632
668 290632
668 295632
670 300632
670 305632
670 310632
671 315632
670 320632
671 325632
668 330632
671 335632
671 340632
STEP
PWM: 195
706 120
694 3752
680 8752
674 13752
668 18752
667 23752
668 28752
668 33752
668 38752
667 43752
667 48752
665 53752
665 58752
667 63752
667 68752
666 73752
666 78752
667 83752
667 88752
665 93752
667 98752
668 103752
667 108752
668 113752
667 118752
666 123752
665 128752
665 133752
667 138752
666 143752
666 148752
667 153752
667 158752
665 163752
665 168752
666 173752
667 178752
667 183752
667 188752
667 193752
668 198752
665 203752
668 208752
667 213752
666 218752
667 223752
667 228752
666 233752
664 238752
664 243752
667 248752
667 253752
666 258752
667 263752
667 268752
665 273752
665 278752
666 283752
666 288752
666 293752
666 298752
666 303752
664 308752
665 313752
667 318752
668 323752
666 328752
666 333752
667 338752
666 343752
STEP
PWM: 190
707 116
703 844
683 5844
674 10844
669 15844
666 20844
665 25844
663 30844
662 35844
662 40844
664 45844
664 50844
663 55844
663 60844
663 65844
661 70844
660 75844
663 80844
663 85844
662 90844
662 95844
663 100844
662 105844
660 110844
661 115844
662 120844
662 125844
663 130844
663 135844
663 140844
660 145844
661 150844
662 155844
662 160844
662 165844
662 170844
662 175844
660 180844
660 185844
663 190844
662 195844
663 200844
662 205844
663 210844
662 215844
661 220844
663 225844
663 230844
662 235844
662 240844
662 245844
662 250844
660 255844
661 260844
663 265844
662 270844
662 275844
662 280844
662 285844
660 290844
661 295844
663 300844
662 305844
662 310844
663 315844
662 320844
660 325844
661 330844
662 335844
662 340844
STEP
PWM: 185
707 116
690 3964
675 8964
667 13964
661 18964
659 23964
660 28964
660 33964
660 38964
659 43964
659 48964
657 53964
657 58964
659 63964
658 68964
658 73964
658 78964
659 83964
659 88964
657 93964
656 98964
658 103964
658 108964
658 113964
658 118964
658 123964
656 128964
656 133964
658 138964
658 143964
658 148964
658 153964
659 158964
656 163964
656 168964
658 173964
658 178964
658 183964
658 188964
659 193964
657 198964
656 203964
659 208964
658 213964
658 218964
658 223964
658 228964
658 233964
657 238964
657 243964
658 248964
658 253964
658 258964
659 263964
658 268964
656 273964
657 278964
658 283964
658 288964
658 293964
658 298964
658 303964
656 308964
656 313964
658 318964
658 323964
658 328964
659 333964
658 338964
659 343964
STEP
PWM: 180
708 120
701 1064
679 6064
667 11064
662 16064
658 21064
657 26064
656 31064
653 36064
653 41064
655 46064
655 51064
655 56064
655 61064
654 66064
652 71064
652 76064
655 81064
654 86064
654 91064
654 96064
654 101064
654 106064
652 111064
652 116064
654 121064
654 126064
654 131064
654 136064
654 141064
651 146064
652 151064
653 156064
654 161064
654 166064
654 171064
655 176064
651 181064
651 186064
654 191064
654 196064
654 201064
654 206064
654 211064
651 216064
651 221064
652 226064
654 231064
654 236064
654 241064
654 246064
654 251064
651 256064
652 261064
654 266064
654 271064
654 276064
654 281064
654 286064
651 291064
651 296064
654 301064
653 306064
654 311064
654 316064
654 321064
652 326064
652 331064
654 336064
654 341064
STEP
PWM: 175
705 120
692 3160
671 8160
661 13160
655 18160
651 23160
652 28160
652 33160
651 38160
650 43160
650 48160
648 53160
648 58160
649 63160
649 68160
650 73160
649 78160
650 83160
647 88160
648 93160
648 98160
649 103160
650 108160
650 113160
649 118160
649 123160
648 128160
648 133160
650 138160
650 143160
649 148160
649 153160
649 158160
647 163160
647 168160
650 173160
649 178160
650 183160
650 188160
649 193160
647 198160
647 203160
647 208160
649 213160
649 218160
650 223160
649 228160
651 233160
648 238160
648 243160
649 248160
649 253160
650 258160
649 263160
650 268160
648 273160
648 278160
650 283160
649 288160
649 293160
650 298160
649 303160
648 308160
648 313160
650 318160
649 323160
650 328160
650 333160
650 338160
647 343160
STEP
PWM: 170
706 120
705 256
678 5256
664 10256
655 15256
650 20256
649 25256
647 30256
644 35256
645 40256
646 45256
645 50256
645 55256
646 60256
646 65256
643 70256
643 75256
643 80256
645 85256
645 90256
645 95256
645 100256
643 105256
643 110256
644 115256
645 120256
645 125256
644 130256
645 135256
645 140256
643 145256
643 150256
645 155256
645 160256
646 165256
645 170256
645 175256
642 180256
643 185256
645 190256
645 195256
644 200256
645 205256
645 210256
642 215256
643 220256
643 225256
645 230256
644 235256
645 240256
645 245256
644 250256
642 255256
643 260256
645 265256
645 270256
644 275256
644 280256
644 285256
642 290256
642 295256
644 300256
645 305256
644 310256
644 315256
644 320256
643 325256
642 330256
643 335256
644 340256
STEP
PWM: 165
706 116
688 3372
666 8372
654 13372
646 18372
643 23372
643 28372
643 33372
642 38372
642 43372
641 48372
639 53372
639 58372
638 63372
640 68372
640 73372
639 78372
641 83372
638 88372
638 93372
638 98372
641 103372
640 108372
639 113372
639 118372
641 123372
638 128372
639 133372
640 138372
640 143372
640 148372
640 153372
639 158372
638 163372
637 168372
640 173372
640 178372
640 183372
639 188372
639 193372
638 198372
638 203372
638 208372
640 213372
640 218372
640 223372
639 228372
637 233372
637 238372
638 243372
640 248372
640 253372
640 258372
640 263372
639 268372
638 273372
638 278372
639 283372
639 288372
640 293372
640 298372
640 303372
638 308372
637 313372
637 318372
640 323372
640 328372
639 333372
639 338372
637 343372
STEP
PWM: 160
704 116
703 468
673 5468
657 10468
648 15468
642 20468
639 25468
638 30468
635 35468
634 40468
636 45468
636 50468
636 55468
636 60468
635 65468
633 70468
633 75468
634 80468
636 85468
636 90468
635 95468
635 100468
633 105468
633 110468
633 115468
636 120468
635 125468
636 130468
635 135468
635 140468
633 145468
633 150468
635 155468
634 160468
635 165468
635 170468
635 175468
632 180468
633 185468
633 190468
635 195468
635 200468
635 205468
635 210468
632 215468
632 220468
632 225468
635 230468
636 235468
634 240468
634 245468
633 250468
632 255468
633 260468
635 265468
635 270468
634 275468
635 280468
635 285468
633 290468
633 295468
635 300468
634 305468
634 310468
634 315468
634 320468
633 325468
633 330468
633 335468
635 340468
STEP
PWM: 155
710 116
694 2764
667 7764
652 12764
648 17764
644 22764
641 27764
639 32764
640 37764
636 42764
636 47764
638 52764
638 57764
637 62764
637 67764
637 72764
634 77764
635 82764
635 87764
636 92764
637 97764
637 102764
637 107764
634 112764
634 117764
636 122764
637 127764
636 132764
638 137764
637 142764
634 147764
634 152764
635 157764
636 162764
637 167764
637 172764
636 177764
637 182764
634 187764
635 192764
633 197764
636 202764
636 207764
636 212764
636 217764
634 222764
635 227764
635 232764
637 237764
636 242764
636 247764
636 252764
634 257764
634 262764
635 267764
636 272764
636 277764
636 282764
637 287764
639 292764
634 297764
634 302764
636 307764
636 312764
636 317764
637 322764
636 327764
634 332764
634 337764
634 342764
STEP
PWM: 150
704 120
703 264
671 5264
649 10264
637 15264
631 20264
627 25264
625 30264
624 35264
625 40264
624 45264
623 50264
623 55264
621 60264
620 65264
621 70264
622 75264
622 80264
623 85264
622 90264
622 95264
621 100264
621 105264
620 110264
623 115264
623 120264
622 125264
622 130264
621 135264
620 140264
620 145264
622 150264
622 155264
622 160264
622 165264
619 170264
619 175264
620 180264
622 185264
622 190264
622 195264
622 200264
623 205264
620 210264
620 215264
618 220264
622 225264
622 230264
622 235264
622 240264
620 245264
620 250264
620 255264
622 260264
622 265264
622 270264
621 275264
619 280264
620 285264
620 290264
622 295264
622 300264
622 305264
622 310264
619 315264
620 320264
619 325264
622 330264
622 335264
622 340264
STEP
PWM: 145
703 116
683 3228
652 8228
638 13228
626 18228
623 23228
620 28228
620 33228
619 38228
618 43228
618 48228
615 53228
615 58228
615 63228
617 68228
617 73228
616 78228
617 83228
615 88228
614 93228
615 98228
616 103228
616 108228
616 113228
617 118228
614 123228
615 128228
615 133228
615 138228
617 143228
616 148228
617 153228
615 158228
614 163228
614 168228
615 173228
617 178228
616 183228
617 188228
616 193228
614 198228
614 203228
614 208228
616 213228
617 218228
615 223228
616 228228
615 233228
614 238228
614 243228
616 248228
616 253228
616 258228
616 263228
617 268228
614 273228
614 278228
614 283228
616 288228
616 293228
616 298228
613 313228
614 318228
616 323228
616 328228
616 333228
616 338228
614 343228
STEP
PWM: 140
705 120
688 2208
653 7208
635 12208
625 17208
620 22208
616 27208
613 32208
611 37208
611 42208
610 47208
612 52208
611 57208
611 62208
611 67208
609 72208
608 77208
608 82208
611 87208
610 92208
610 97208
611 102208
609 107208
609 112208
609 117208
610 122208
610 127208
610 132208
610 137208
608 142208
608 147208
608 152208
608 157208
610 162208
610 167208
610 172208
610 177208
608 182208
608 187208
608 192208
610 197208
610 202208
610 207208
609 212208
608 217208
608 222208
608 227208
611 232208
610 237208
610 242208
610 247208
608 252208
608 257208
611 272208
610 277208
610 282208
607 287208
608 292208
608 297208
608 302208
610 307208
610 312208
609 317208
609 322208
608 327208
608 332208
608 337208
611 342208
STEP
PWM: 135
702 116
690 2204
652 7204
631 12204
620 17204
612 22204
609 27204
607 32204
607 37204
607 42204
606 47204
606 52204
603 57204
603 62204
603 67204
602 72204
604 77204
605 82204
604 87204
604 92204
602 97204
602 102204
602 107204
604 112204
604 117204
604 122204
604 127204
602 132204
601 137204
602 142204
604 147204
604 152204
604 157204
604 162204
602 167204
602 172204
601 177204
601 182204
603 187204
604 192204
603 197204
602 212204
601 217204
604 222204
603 227204
604 232204
603 237204
602 242204
602 247204
602 252204
603 257204
604 262204
604 267204
603 272204
601 277204
601 282204
602 287204
604 292204
603 297204
604 302204
603 307204
601 312204
602 317204
601 322204
602 327204
604 332204
604 337204
603 342204
STEP
PWM: 130
702 116
689 2212
650 7212
627 12212
613 17212
606 22212
603 27212
601 32212
602 37212
600 42212
600 47212
599 52212
596 57212
597 62212
596 67212
598 72212
598 77212
598 82212
598 87212
596 92212
595 97212
595 102212
595 107212
598 122212
595 127212
595 132212
595 137212
595 142212
597 147212
597 152212
598 157212
597 162212
595 167212
596 172212
596 177212
597 182212
597 187212
597 192212
597 197212
595 202212
595 207212
595 212212
597 217212
597 222212
597 227212
597 232212
595 237212
595 242212
595 247212
596 252212
597 257212
597 262212
597 267212
595 272212
595 277212
595 282212
595 287212
597 292212
597 297212
597 302212
597 307212
595 312212
595 317212
595 322212
597 327212
596 332212
597 337212
596 342212
STEP
PWM: 125
705 116
688 2212
645 7212
621 12212
608 17212
601 22212
599 27212
596 32212
595 37212
591 52212
590 57212
592 62212
591 67212
591 72212
592 77212
589 82212
589 87212
589 92212
591 97212
591 102212
591 107212
590 112212
589 117212
589 122212
589 127212
588 132212
590 137212
590 142212
590 147212
588 152212
588 157212
588 162212
589 167212
590 172212
590 177212
590 182212
588 187212
588 192212
589 197212
589 202212
591 207212
590 212212
590 217212
590 222212
587 227212
588 232212
588 237212
590 242212
591 247212
590 252212
589 257212
587 262212
588 267212
588 272212
588 277212
590 282212
590 287212
590 292212
587 297212
588 302212
587 307212
587 312212
590 317212
590 322212
590 327212
590 332212
588 337212
587 342212
STEP
PWM: 120
702 116
685 2212
642 7212
620 12212
604 17212
597 22212
592 27212
587 32212
587 37212
585 42212
584 47212
586 52212
585 57212
585 62212
582 67212
583 72212
582 77212
582 82212
584 87212
584 92212
584 97212
582 102212
581 107212
581 112212
581 117212
584 122212
583 127212
583 132212
583 137212
581 142212
581 147212
581 152212
580 157212
583 162212
583 167212
583 172212
581 177212
581 182212
580 187212
581 192212
583 197212
583 202212
583 207212
581 212212
580 217212
581 222212
581 227212
582 232212
583 237212
583 242212
584 247212
581 252212
581 257212
581 262212
583 267212
582 272212
583 277212
582 282212
580 287212
581 292212
581 297212
581 302212
582 307212
583 312212
582 317212
580 322212
580 327212
581 332212
581 337212
582 347212
STEP
PWM: 115
703 116
687 2212
641 7212
614 12212
597 17212
589 22212
584 27212
581 32212
581 37212
580 42212
579 47212
578 52212
575 57212
575 62212
575 67212
575 72212
576 77212
576 82212
576 87212
575 92212
575 97212
574 102212
574 107212
576 112212
576 117212
576 122212
574 127212
574 132212
573 137212
574 142212
575 147212
576 152212
576 157212
577 162212
573 167212
573 172212
574 177212
572 182212
575 187212
576 192212
576 197212
574 202212
573 207212
574 212212
574 217212
575 222212
576 227212
575 232212
573 237212
573 242212
574 247212
573 252212
575 257212
575 262212
575 267212
573 272212
573 277212
573 282212
574 287212
575 292212
576 297212
575 347212
575 307212
573 312212
573 317212
573 322212
573 327212
575 332212
575 337212
574 342212
STEP
PWM: 110
704 120
686 2216
636 7216
607 12216
592 17216
582 22216
579 27216
576 32216
573 37216
570 42216
569 47216
568 52216
568 57216
569 62216
570 67216
569 72216
570 77216
566 82216
567 87216
566 92216
566 97216
568 102216
568 107216
568 112216
566 117216
566 122216
566 127216
565 132216
567 137216
567 142216
568 147216
565 152216
566 157216
565 162216
565 167216
567 172216
567 177216
567 182216
565 187216
565 192216
565 197216
566 202216
562 207216
567 212216
567 217216
567 222216
566 227216
566 232216
565 237216
565 242216
567 247216
567 252216
568 347216
565 262216
565 267216
565 272216
566 277216
567 282216
567 287216
568 292216
565 297216
565 302216
566 307216
565 312216
567 317216
568 322216
567 327216
569 332216
565 337216
565 342216
STEP
PWM: 105
703 120
683 2208
636 7208
605 12208
588 17208
575 22208
570 27208
566 32208
564 37208
564 42208
563 47208
562 52208
560 57208
559 62208
559 67208
559 72208
557 77208
560 82208
560 87208
561 92208
558 97208
557 102208
558 107208
558 112208
559 117208
559 122208
559 127208
558 132208
558 137208
557 142208
557 147208
559 152208
559 157208
559 162208
557 167208
557 172208
557 177208
558 182208
560 187208
560 192208
559 197208
557 202208
557 207208
557 212208
557 217208
557 222208
559 227208
560 347208
559 237208
557 242208
557 247208
557 252208
557 257208
559 262208
558 267208
559 272208
557 277208
557 282208
557 287208
557 292208
559 297208
559 302208
559 307208
557 312208
557 317208
556 322208
557 327208
555 332208
559 337208
559 342208
STEP
PWM: 100
702 120
684 2208
634 7208
598 12208
579 17208
569 22208
562 27208
560 32208
558 37208
556 42208
553 47208
552 52208
552 57208
551 62208
553 67208
552 72208
551 77208
549 82208
550 87208
549 92208
549 97208
547 102208
552 107208
551 112208
549 117208
549 122208
549 127208
548 132208
549 137208
551 142208
551 147208
550 152208
548 157208
548 162208
549 167208
549 347208
550 177208
550 182208
550 187208
549 192208
548 197208
548 202208
548 207208
550 212208
550 217208
550 222208
549 227208
549 232208
548 237208
548 242208
548 247208
550 252208
550 257208
552 262208
548 267208
548 272208
548 277208
548 282208
550 287208
550 292208
549 297208
548 302208
548 307208
549 312208
548 317208
550 322208
550 327208
550 332208
548 337208
548 342208
STEP
PWM: 95
704 120
682 2208
627 7208
593 12208
573 17208
564 22208
556 27208
550 32208
547 37208
546 42208
545 47208
543 52208
545 57208
544 62208
543 67208
541 72208
541 77208
540 82208
541 87208
542 92208
542 97208
542 102208
540 107208
540 112208
540 117208
539 122208
541 127208
542 132208
541 347208
540 142208
539 147208
540 152208
539 157208
540 162208
541 167208
541 172208
539 177208
539 182208
539 187208
539 192208
539 197208
541 202208
541 207208
541 212208
539 217208
538 222208
539 227208
539 232208
541 237208
541 242208
541 247208
539 252208
540 257208
539 262208
539 267208
539 272208
541 277208
541 282208
539 287208
539 292208
539 297208
538 302208
539 307208
541 312208
541 317208
540 322208
538 327208
538 332208
539 337208
538 342208
STEP
PWM: 90
702 116
668 3228
617 8228
584 13228
564 18228
551 23228
545 28228
541 33228
539 38228
536 43228
537 48228
536 53228
533 58228
532 63228
532 68228
531 73228
531 78228
533 83228
533 88228
530 93228
530 98228
530 103228
530 108228
530 113228
532 118228
532 123228
531 128228
530 133228
529 138228
530 143228
530 148228
532 153228
532 158228
531 163228
529 168228
529 173228
529 178228
529 183228
530 188228
532 193228
531 198228
529 203228
529 208228
529 213228
529 218228
529 223228
531 228228
531 233228
531 238228
529 243228
530 248228
529 253228
529 258228
532 263228
531 268228
530 273228
528 278228
529 283228
529 288228
529 293228
529 298228
531 303228
531 308228
528 313228
529 318228
528 323228
528 328228
529 333228
531 338228
531 343228
STEP
PWM: 85
702 116
682 2212
622 7212
582 12212
559 17212
546 22212
538 27212
532 32212
531 37212
528 42212
527 47212
524 52212
523 57212
523 62212
522 67212
519 72212
523 77212
522 82212
520 87212
520 92212
521 97212
520 102212
520 107212
521 112212
521 117212
520 122212
519 127212
519 132212
520 137212
520 142212
521 147212
521 152212
522 157212
519 162212
519 167212
518 172212
519 177212
521 182212
521 187212
520 192212
518 197212
518 202212
518 207212
519 212212
519 217212
520 222212
520 227212
518 232212
519 237212
518 242212
518 247212
518 252212
520 257212
521 262212
518 267212
518 272212
518 277212
518 282212
518 287212
521 292212
520 297212
520 302212
518 307212
518 312212
518 317212
518 322212
517 327212
520 332212
520 337212
518 342212
STEP
PWM: 80
704 120
679 2216
617 7216
576 12216
552 17216
538 22216
531 27216
525 32216
519 37216
517 42216
515 47216
513 52216
513 57216
514 62216
513 67216
514 72216
509 77216
509 82216
509 87216
510 92216
507 97216
511 102216
510 107216
508 112216
509 117216
508 122216
508 127216
508 132216
510 137216
510 142216
508 147216
507 152216
508 157216
507 162216
508 167216
509 172216
510 177216
508 182216
507 187216
508 192216
507 197216
508 202216
509 207216
510 212216
509 217216
507 222216
508 227216
508 232216
508 237216
507 242216
510 247216
509 252216
507 257216
506 262216
507 267216
507 272216
507 277216
508 282216
509 287216
507 292216
508 297216
507 302216
507 307216
507 312216
509 317216
509 322216
510 327216
507 332216
507 337216
507 342216
STEP
PWM: 75
702 120
664 3232
605 8232
566 13232
540 18232
527 23232
517 28232
512 33232
507 38232
507 43232
506 48232
501 53232
501 58232
499 63232
499 68232
498 73232
500 78232
500 83232
501 88232
498 93232
497 98232
497 103232
497 108232
496 113232
499 118232
498 123232
497 128232
496 133232
496 138232
496 143232
496 148232
498 153232
497 158232
495 163232
496 168232
495 173232
495 178232
495 183232
497 188232
498 193232
495 198232
496 203232
495 208232
495 213232
495 218232
494 223232
497 228232
497 233232
495 238232
495 243232
495 248232
496 253232
495 258232
497 263232
497 268232
496 273232
495 278232
495 283232
495 288232
495 293232
497 298232
497 303232
495 308232
494 313232
494 318232
495 323232
495 328232
497 333232
496 338232
498 343232
STEP
PWM: 70
704 120
663 3232
599 8232
558 13232
532 18232
516 23232
509 28232
502 33232
496 38232
494 43232
490 48232
490 53232
488 58232
489 63232
489 68232
486 73232
486 78232
486 83232
485 88232
484 93232
487 98232
486 103232
484 108232
484 113232
484 118232
484 123232
484 128232
484 133232
486 138232
485 143232
483 148232
482 153232
483 158232
483 163232
483 168232
485 173232
484 178232
482 183232
482 188232
482 193232
483 198232
482 203232
485 208232
484 213232
483 218232
483 223232
482 228232
483 233232
483 238232
482 243232
484 248232
484 253232
483 258232
482 263232
483 268232
482 273232
482 278232
485 283232
484 288232
482 293232
482 298232
482 303232
482 308232
482 313232
484 318232
484 323232
481 328232
482 333232
483 338232
482 343232
STEP
PWM: 65
702 116
661 3228
596 8228
554 13228
527 18228
506 23228
495 28228
489 33228
484 38228
481 43228
481 48228
478 53228
475 58228
474 63228
474 68228
473 73228
472 78228
474 83228
474 88228
471 93228
471 98228
471 103228
470 108228
470 113228
469 118228
472 123228
470 128228
470 133228
470 138228
469 143228
470 148228
470 153228
472 158228
471 163228
470 168228
469 173228
469 178228
469 183228
469 188228
471 193228
471 198228
468 203228
469 208228
468 213228
468 218228
468 223228
470 228228
471 233228
468 238228
468 243228
468 248228
469 253228
468 258228
468 263228
471 268228
472 273228
468 278228
468 283228
468 288228
468 293228
468 298228
470 303228
470 308228
468 313228
468 318228
468 323228
468 328228
468 333228
470 338228
470 343228
STEP
PWM: 60
702 120
662 3240
592 8240
545 13240
514 18240
496 23240
484 28240
477 33240
470 38240
469 43240
465 48240
462 53240
461 58240
460 63240
459 68240
458 73240
459 78240
460 83240
458 88240
456 93240
456 98240
456 103240
455 108240
457 113240
457 118240
455 123240
454 128240
455 133240
455 138240
455 143240
457 148240
456 153240
454 158240
454 163240
454 168240
454 173240
455 178240
455 183240
456 188240
454 193240
453 198240
453 203240
453 208240
453 213240
454 218240
455 223240
455 228240
453 233240
453 238240
453 243240
453 248240
453 253240
456 258240
455 263240
454 268240
453 273240
453 278240
453 283240
453 288240
452 293240
455 298240
453 303240
453 308240
453 313240
453 318240
453 323240
453 328240
456 333240
455 338240
452 343240
STEP
PWM: 55
702 116
658 3228
585 8228
535 13228
507 18228
485 23228
472 28228
463 33228
457 38228
453 43228
450 48228
449 53228
445 58228
444 63228
443 68228
442 73228
442 78228
441 83228
443 88228
442 93228
440 98228
439 103228
439 108228
439 113228
439 118228
441 123228
441 128228
439 133228
439 138228
438 143228
438 148228
438 153228
438 158228
440 163228
437 168228
438 173228
438 178228
437 183228
437 188228
438 193228
439 198228
441 203228
437 208228
437 213228
437 218228
436 223228
437 228228
439 233228
439 238228
437 243228
436 248228
437 253228
437 258228
436 263228
435 268228
439 273228
436 278228
436 283228
437 288228
437 293228
437 298228
437 303228
439 308228
437 313228
437 318228
437 323228
436 328228
436 333228
437 338228
438 343228
STEP
PWM: 50
702 120
657 3240
583 8240
532 13240
495 18240
472 23240
458 28240
448 33240
442 38240
439 43240
436 48240
432 53240
429 58240
427 63240
427 68240
425 73240
425 78240
425 83240
423 88240
423 93240
423 98240
423 103240
422 108240
422 113240
424 118240
422 123240
421 128240
421 133240
420 138240
420 143240
420 148240
422 153240
422 158240
420 163240
420 168240
420 173240
420 178240
419 183240
419 188240
421 193240
419 198240
420 203240
419 208240
419 213240
420 218240
420 223240
421 228240
419 233240
419 238240
419 243240
419 248240
419 253240
419 258240
422 263240
421 268240
419 273240
419 278240
418 283240
418 288240
419 293240
421 298240
421 303240
419 308240
418 313240
418 318240
419 323240
419 328240
419 333240
420 338240
418 343240
STEP
PWM: 45
702 120
657 3232
577 8232
521 13232
486 18232
461 23232
444 28232
433 33232
426 38232
420 43232
416 48232
413 53232
413 58232
409 63232
407 68232
407 73232
405 78232
405 83232
404 88232
406 93232
404 98232
403 103232
402 108232
402 113232
403 118232
401 123232
405 128232
406 133232
401 138232
402 143232
401 148232
400 153232
401 158232
399 163232
402 168232
401 173232
400 178232
400 183232
400 188232
399 193232
400 198232
401 203232
400 208232
400 213232
400 218232
399 223232
399 228232
399 233232
401 238232
400 243232
399 248232
399 253232
399 258232
400 263232
400 268232
401 273232
401 278232
399 283232
400 288232
399 293232
399 298232
399 303232
399 308232
400 313232
399 318232
399 323232
398 328232
399 333232
399 338232
399 343232
STEP
PWM: 40
702 116
656 3228
571 8228
512 13228
473 18228
446 23228
429 28228
415 33228
409 38228
403 43228
397 48228
393 53228
390 58228
388 63228
387 68228
387 73228
387 78228
384 83228
383 88228
382 93228
382 98228
381 103228
382 108228
383 113228
380 118228
381 123228
380 128228
380 133228
380 138228
380 143228
381 148228
379 153228
379 158228
379 163228
378 168228
378 173228
378 178228
378 183228
380 188228
378 193228
378 198228
378 203228
378 208228
378 213228
379 218228
380 223228
378 228228
377 233228
378 238228
377 243228
378 248228
377 253228
379 258228
377 263228
377 268228
378 273228
377 278228
378 283228
377 288228
379 293228
379 298228
377 303228
377 308228
377 313228
377 318228
378 323228
377 328228
379 333228
377 338228
377 343228
STEP
PWM: 35
703 120
653 3232
566 8232
503 13232
461 18232
434 23232
411 28232
397 33232
387 38232
380 43232
375 48232
371 53232
367 58232
369 63232
365 68232
362 73232
361 78232
360 83232
360 88232
359 93232
361 98232
358 103232
357 108232
357 113232
356 118232
356 123232
356 128232
358 133232
356 138232
356 143232
356 148232
355 153232
355 158232
355 163232
357 168232
354 173232
354 178232
355 183232
354 188232
354 193232
354 198232
354 203232
355 208232
353 213232
354 218232
354 223232
354 228232
353 233232
353 238232
355 243232
353 248232
353 253232
353 258232
352 263232
353 268232
353 273232
355 278232
352 283232
353 288232
353 293232
352 298232
353 303232
353 308232
351 313232
356 318232
353 323232
353 328232
353 333232
353 338232
352 343232
STEP
PWM: 30
702 116
652 3228
562 8228
494 13228
448 18228
415 23228
392 28228
377 33228
366 38228
360 43228
351 48228
346 53228
343 58228
342 63228
339 68228
337 73228
335 78228
335 83228
334 88228
333 93228
332 98228
331 103228
331 108228
331 113228
332 118228
329 123228
330 128228
330 133228
329 138228
329 143228
328 148228
330 153228
327 158228
327 163228
327 168228
328 173228
327 178228
327 183228
329 188228
327 193228
326 198228
327 203228
326 208228
327 213228
326 218228
326 223228
328 228228
326 233228
326 238228
326 243228
325 248228
325 253228
325 258228
328 263228
325 268228
326 273228
325 278228
325 283228
325 288228
325 293228
328 298228
326 303228
325 308228
325 313228
326 318228
325 323228
326 328228
325 333228
324 338228
325 343228
STEP
PWM: 25
704 116
649 3236
554 8236
484 13236
433 18236
397 23236
372 28236
355 33236
344 38236
331 43236
325 48236
319 53236
315 58236
312 63236
310 68236
309 73236
305 78236
305 83236
304 88236
303 93236
301 98236
301 103236
302 108236
300 113236
299 118236
299 123236
298 128236
299 133236
298 138236
297 143236
298 148236
297 153236
296 158236
296 163236
297 168236
296 173236
296 178236
298 183236
296 188236
296 193236
295 198236
295 203236
294 208236
295 213236
297 218236
295 223236
295 228236
294 233236
294 238236
295 243236
294 248236
295 253236
294 258236
293 263236
294 268236
294 273236
294 278236
293 283236
294 288236
296 293236
294 298236
294 303236
294 308236
293 313236
293 318236
293 323236
295 328236
293 333236
293 338236
293 343236
STEP
PWM: 20
702 120
648 3240
549 8240
473 13240
418 18240
378 23240
349 28240
328 33240
313 38240
303 43240
295 48240
288 53240
285 58240
279 63240
276 68240
273 73240
271 78240
270 83240
269 88240
269 93240
266 98240
265 103240
265 108240
264 113240
263 118240
264 123240
262 128240
263 133240
262 138240
261 143240
262 148240
261 153240
260 158240
261 163240
260 168240
260 173240
260 178240
259 183240
259 188240
259 193240
259 198240
260 203240
258 208240
258 213240
258 218240
258 223240
258 228240
257 233240
259 238240
258 243240
257 248240
257 253240
257 258240
258 263240
257 268240
257 273240
257 278240
257 283240
257 288240
257 293240
256 298240
257 303240
257 308240
259 313240
256 318240
257 323240
258 328240
257 333240
256 338240
257 343240
STEP
PWM: 15
702 116
647 3228
542 8228
461 13228
400 18228
356 23228
324 28228
300 33228
282 38228
269 43228
258 48228
251 53228
245 58228
241 63228
239 68228
234 73228
231 78228
229 83228
227 88228
226 93228
225 98228
222 103228
222 108228
221 113228
221 118228
220 123228
220 128228
220 133228
219 138228
218 143228
217 148228
217 153228
216 158228
217 163228
216 168228
217 173228
221 178228
215 183228
216 188228
216 193228
215 198228
215 203228
215 208228
217 213228
215 218228
215 223228
214 228228
214 233228
214 238228
214 243228
214 248228
214 253228
215 258228
213 263228
213 268228
213 273228
214 278228
213 283228
213 288228
214 293228
214 298228
212 303228
213 308228
214 313228
213 318228
215 323228
213 328228
214 333228
212 338228
213 343228
STEP
PWM: 10
701 120
644 3240
535 8240
448 13240
381 18240
331 23240
294 28240
267 33240
245 38240
230 43240
218 48240
207 53240
201 58240
194 63240
189 68240
186 73240
182 78240
179 83240
177 88240
176 93240
173 98240
172 103240
171 108240
171 113240
170 118240
169 123240
169 128240
169 133240
166 138240
166 143240
165 148240
165 153240
165 158240
165 163240
165 168240
164 173240
164 178240
164 183240
163 188240
163 193240
163 198240
163 203240
162 208240
163 213240
163 218240
161 223240
162 228240
162 233240
161 238240
164 243240
162 248240
161 253240
161 258240
161 263240
161 268240
161 273240
160 278240
161 283240
160 288240
160 293240
161 298240
161 303240
161 308240
161 313240
159 318240
159 323240
159 328240
160 333240
160 338240
160 343240
STEP
PWM: 5
702 120
642 3232
527 8232
434 13232
359 18232
302 23232
259 28232
226 33232
199 38232
181 43232
165 48232
153 53232
143 58232
136 63232
129 68232
125 73232
120 78232
117 83232
114 88232
112 93232
109 98232
108 103232
109 108232
104 113232
103 118232
103 123232
102 128232
100 133232
100 138232
99 143232
98 148232
97 153232
97 158232
97 163232
96 168232
96 173232
96 178232
95 183232
95 188232
93 203232
93 208232
93 213232
93 218232
94 223232
94 228232
93 233232
93 238232
92 243232
92 248232
91 253232
93 258232
92 263232
92 268232
91 273232
92 278232
91 283232
92 288232
92 293232
91 298232
92 303232
91 308232
91 313232
92 318232
91 323232
91 328232
90 333232
91 338232
91 343232
STEP
PWM: 0
702 116
701 236
591 5212
476 10212
382 15212
305 20212
245 25212
199 30212
163 35212
134 40212
112 45212
94 50212
78 55212
68 60212
59 65212
50 70212
44 75212
39 80212
34 85212
31 90212
29 95212
26 100212
22 105212
21 110212
19 115212
17 120212
15 125212
15 130212
13 135212
14 140212
12 145212
11 150212
11 155212
10 160212
10 165212
8 170212
8 175212
7 180212
6 185212
6 190212
6 195212
6 200212
6 205212
5 210212
5 215212
5 220212
5 225212
4 230212
4 235212
3 240212
3 245212
3 250212
2 255212
3 260212
3 265212
2 270212
2 275212
3 280212
2 285212
3 290212
1 295212
1 300212
2 305212
1 310212