0 0.00
1 0.00
2 0.00
3 0.01
4 0.03
5 0.07
6 0.11
7 0.17
8 0.24
9 0.33
10 0.42
11 0.50
12 0.63
13 0.74
14 0.84
15 0.98
16 1.12
17 1.22
18 1.40
19 1.55
20 1.67
21 1.84
22 2.00
23 2.13
24 2.33
25 2.49
26 2.65
27 2.83
28 3.07
29 3.17
30 3.37
31 3.59
32 3.73
33 3.97
34 4.18
35 4.28
36 4.54
37 4.78
38 4.88
39 5.17
40 5.40
41 5.48
42 5.79
43 6.04
44 6.08
45 6.48
46 6.66
47 6.66
48 7.13
49 7.28
50 7.38
51 7.74
52 7.95
53 8.06
54 8.44
55 8.61
56 8.67
57 9.09
58 9.33
59 9.39
60 9.77
61 9.90
62 9.97
63 10.44
64 10.58
65 10.72
66 11.15
67 11.15
68 11.45
69 11.83
70 11.83
71 12.30
72 12.54
73 12.30
74 12.87
75 13.13
76 13.13
77 13.74
78 13.74
79 13.83
80 14.38
81 14.29
82 14.67
83 15.06
84 14.86
85 15.55
86 15.76
87 15.66
88 16.17
89 16.39
90 16.39
91 16.93
92 16.93
93 17.15
94 17.72
95 17.49
96 18.07
97 18.31
98 18.19
99 18.80
100 19.05
101 18.92
102 19.55
103 19.30
104 19.94
105 20.21
106 19.94
107 20.75
108 20.61
109 20.88
110 21.44
111 21.16
112 22.16
113 21.87
114 22.02
115 22.61
116 22.31
117 22.91
118 23.21
119 23.06
120 23.84
121 23.53
122 24.16
123 24.65
124 24.32
125 25.15
126 24.98
127 25.15
128 25.83
129 25.32
130 26.18
131 26.36
132 26.18
133 27.26
134 26.89
135 27.08
136 27.82
137 27.44
138 28.01
139 28.39
140 28.20
141 29.17
142 28.58
143 28.97
144 29.57
145 29.37
146 29.98
147 30.18
148 30.18
149 31.23
150 30.39
151 31.02
152 31.66
153 31.45
154 32.10
155 32.10
156 31.88
157 33.23
158 32.32
159 33.00
160 33.69
161 33.23
162 34.16
163 33.93
164 34.16
165 34.64
166 34.64
167 34.88
168 35.37
169 35.37
170 36.38
171 35.62
172 36.13
173 36.64
174 36.64
175 37.15
176 37.15
177 37.15
178 38.49
179 37.95
180 38.22
181 38.49
182 38.76
183 39.32
184 38.76
185 39.32
186 40.45
187 39.88
188 40.17
189 40.45
190 40.45
191 41.33
192 41.04
193 41.33
194 41.63
195 41.63
196 42.23
197 42.23
198 42.54
199 43.47
200 43.16
201 43.47
202 43.47
203 43.79
204 44.43
205 43.79
206 44.43
207 45.41
208 44.75
209 45.41
210 45.41
211 45.74
212 46.76
213 46.42
214 46.76
215 47.45
216 46.76
217 47.45
218 47.10
219 47.45
220 48.51
221 48.51
222 48.51
223 49.24
224 48.87
225 49.60
226 49.60
227 49.60
228 50.35
229 50.35
230 50.72
231 49.97
232 51.11
233 51.49
234 51.49
235 51.88
236 52.27
237 52.27
238 52.66
239 53.06
240 53.06
241 53.46
242 53.46
243 53.87
244 54.28
245 54.28
246 54.69
247 55.11
248 55.11
249 55.53
250 55.53
251 55.53
252 55.95
253 56.38
254 56.38
255 56.82
STEP
0 0.69
1 0.45
2 0.25
3 0.23
4 0.27
5 0.34
6 0.42
7 0.51
8 0.64
9 0.75
10 0.88
11 1.02
12 1.15
13 1.28
14 1.42
15 1.58
16 1.71
17 1.86
18 2.03
19 2.18
20 2.32
21 2.52
22 2.65
23 2.80
24 3.01
25 3.13
26 3.31
27 3.54
28 3.65
29 3.82
30 4.06
31 4.18
32 4.36
33 4.59
34 4.69
35 4.89
36 5.14
37 5.25
38 5.44
39 5.67
40 5.75
41 6.03
42 6.24
43 6.28
44 6.59
45 6.81
46 6.86
47 7.19
48 7.38
49 7.38
50 7.78
51 7.99
52 7.94
53 8.32
54 8.54
55 8.48
56 8.94
57 9.17
58 9.11
59 9.54
60 9.79
61 9.79
62 10.18
63 10.38
64 10.38
65 10.86
66 10.93
67 11.07
68 11.50
69 11.43
70 11.73
71 12.03
72 11.88
73 12.35
74 12.67
75 12.59
76 13.08
77 13.25
78 13.16
79 13.68
80 13.77
81 13.86
82 14.40
83 14.22
84 14.59
85 14.97
86 14.68
87 15.45
88 15.65
89 15.45
90 15.96
91 16.06
92 16.16
93 16.80
94 16.58
95 16.91
96 17.35
97 16.91
98 17.69
99 18.03
100 17.80
101 18.38
102 18.38
103 18.50
104 18.99
105 18.87
106 19.36
107 19.49
108 19.49
109 20.13
110 19.74
111 20.66
112 20.66
113 20.52
114 21.20
115 20.93
116 21.48
117 21.90
118 21.62
119 22.48
120 22.19
121 22.34
122 23.08
123 22.48
124 23.39
125 23.54
126 23.39
127 24.01
128 23.85
129 24.33
130 24.82
131 24.33
132 25.31
133 25.31
134 25.15
135 25.82
136 25.48
137 25.99
138 26.52
139 26.34
140 27.23
141 26.87
142 27.05
143 27.60
144 27.05
145 27.97
146 28.16
147 27.97
148 28.93
149 28.54
150 28.93
151 29.52
152 29.32
153 29.92
154 29.92
155 29.72
156 30.95
157 30.33
158 30.74
159 31.16
160 30.95
161 31.59
162 31.59
163 31.59
164 32.69
165 32.02
166 32.46
167 32.91
168 32.69
169 33.60
170 33.37
171 33.60
172 34.54
173 34.06
174 34.54
175 34.78
176 34.54
177 35.51
178 34.78
179 35.51
180 36.00
181 35.75
182 36.25
183 36.25
184 36.25
185 37.28
186 37.28
187 37.28
188 37.54
189 37.54
190 38.34
191 38.07
192 38.34
193 39.44
194 38.89
195 39.16
196 39.44
197 39.44
198 40.29
199 39.44
200 40.29
201 41.16
202 40.57
203 41.16
204 40.86
205 41.45
206 42.05
207 42.05
208 42.35
209 42.35
210 42.35
211 42.96
212 42.35
213 42.96
214 43.90
215 43.90
216 44.22
217 43.90
218 44.22
219 44.86
220 44.54
221 45.19
222 45.52
223 45.52
224 45.85
225 45.52
226 46.19
227 46.53
228 46.87
229 46.87
230 47.22
231 47.22
232 47.56
233 47.22
234 47.91
235 48.27
236 48.27
237 48.63
238 48.99
239 49.35
240 49.72
241 49.72
242 49.72
243 50.46
244 50.46
245 50.46
246 50.84
247 50.84
248 51.60
249 51.60
250 51.60
251 51.99
252 52.38
253 52.38
254 52.38
255 52.78
STEP
0 0.68
1 1.25
2 0.44
3 0.31
4 0.31
5 0.37
6 0.43
7 0.54
8 0.64
9 0.75
10 0.87
11 1.01
12 1.12
13 1.26
14 1.41
15 1.55
16 1.71
17 1.85
18 1.97
19 2.12
20 2.28
21 2.44
22 2.58
23 2.76
24 2.91
25 3.08
26 3.27
27 3.42
28 3.55
29 3.77
30 3.91
31 4.08
32 4.26
33 4.38
34 4.54
35 4.80
36 4.94
37 5.11
38 5.33
39 5.44
40 5.66
41 5.86
42 5.94
43 6.14
44 6.43
45 6.48
46 6.65
47 6.92
48 6.96
49 7.24
50 7.48
51 7.53
52 7.78
53 8.04
54 8.09
55 8.35
56 8.68
57 8.63
58 8.91
59 9.20
60 9.14
61 9.44
62 9.74
63 9.68
64 10.06
65 10.31
66 10.18
67 10.71
68 10.85
69 10.92
70 11.34
71 11.34
72 11.49
73 11.93
74 11.86
75 12.16
76 12.47
77 12.31
78 12.71
79 13.03
80 12.95
81 13.45
82 13.62
83 13.54
84 14.06
85 14.15
86 14.24
87 14.69
88 14.51
89 14.97
90 15.26
91 14.97
92 15.75
93 15.75
94 15.75
95 16.26
96 16.26
97 16.26
98 16.89
99 16.78
100 17.10
101 17.43
102 17.32
103 17.88
104 17.88
105 17.99
106 18.46
107 18.11
108 18.93
109 18.93
110 18.81
111 19.55
112 19.18
113 19.80
114 20.05
115 19.93
116 20.57
117 20.31
118 20.71
119 21.11
120 20.97
121 21.66
122 21.52
123 21.66
124 22.23
125 21.66
126 22.52
127 22.66
128 22.52
129 23.26
130 22.96
131 23.26
132 23.87
133 23.72
134 24.18
135 24.34
136 24.18
137 24.82
138 24.50
139 24.99
140 25.48
141 25.32
142 25.99
143 25.82
144 25.82
145 26.51
146 25.99
147 26.68
148 27.04
149 26.86
150 27.58
151 27.40
152 27.58
153 28.14
154 27.95
155 28.51
156 28.70
157 28.51
158 29.48
159 28.90
160 29.28
161 29.68
162 29.68
163 30.08
164 30.28
165 30.08
166 31.11
167 30.49
168 30.90
169 31.53
170 31.32
171 31.74
172 31.96
173 31.96
174 32.84
175 32.18
176 32.62
177 33.06
178 33.06
179 33.52
180 33.52
181 33.75
182 34.69
183 33.98
184 34.45
185 34.69
186 34.69
187 35.41
188 35.17
189 35.41
190 36.40
191 35.90
192 36.40
193 36.15
194 36.40
195 37.17
196 36.91
197 37.17
198 37.96
199 37.43
200 37.96
201 37.69
202 38.22
203 38.76
204 38.49
205 39.03
206 38.76
207 39.31
208 39.87
209 39.87
210 39.87
211 40.72
212 40.15
213 40.72
214 40.43
215 40.72
216 41.60
217 41.30
218 41.60
219 42.20
220 41.90
221 42.50
222 41.90
223 42.50
224 43.11
225 43.11
226 43.42
227 43.11
228 43.73
229 44.05
230 44.37
231 44.37
232 44.69
233 44.69
234 45.34
235 44.37
236 45.34
237 45.67
238 46.01
239 46.34
240 46.34
241 46.34
242 46.68
243 47.02
244 47.02
245 47.37
246 47.37
247 47.72
248 47.72
249 48.07
250 48.42
251 48.78
252 48.78
253 49.14
254 49.14
255 49.51
STEP
0 0.68
1 1.01
2 0.39
3 0.30
4 0.31
5 0.36
6 0.44
7 0.54
8 0.64
9 0.75
10 0.88
11 0.99
12 1.11
13 1.27
14 1.39
15 1.52
16 1.68
17 1.82
18 1.94
19 2.11
20 2.25
21 2.37
22 2.57
23 2.71
24 2.80
25 3.02
26 3.18
27 3.28
28 3.51
29 3.66
30 3.74
31 3.99
32 4.13
33 4.19
34 4.50
35 4.65
36 4.65
37 4.98
38 5.15
39 5.22
40 5.51
41 5.62
42 5.73
43 6.00
44 6.12
45 6.25
46 6.54
47 6.62
48 6.80
49 7.06
50 7.15
51 7.29
52 7.58
53 7.73
54 7.82
55 8.13
56 8.23
57 8.34
58 8.66
59 8.71
60 8.88
61 9.22
62 9.28
63 9.45
64 9.75
65 9.75
66 9.94
67 10.32
68 10.32
69 10.58
70 10.85
71 10.71
72 11.12
73 11.33
74 11.33
75 11.76
76 11.83
77 11.83
78 12.28
79 12.36
80 12.51
81 12.91
82 12.75
83 13.15
84 13.40
85 13.23
86 13.91
87 13.99
88 13.91
89 14.34
90 14.43
91 14.43
92 14.98
93 14.89
94 15.08
95 15.46
96 15.26
97 15.85
98 16.04
99 15.85
100 16.35
101 16.45
102 16.45
103 17.08
104 16.76
105 17.40
106 17.51
107 17.29
108 17.96
109 17.84
110 18.18
111 18.53
112 18.30
113 18.76
114 18.88
115 19.00
116 19.49
117 19.24
118 19.86
119 19.99
120 19.86
121 20.50
122 20.11
123 20.63
124 20.89
125 20.76
126 21.57
127 21.29
128 21.57
129 22.13
130 21.84
131 22.41
132 22.41
133 22.41
134 22.84
135 22.70
136 22.99
137 23.59
138 23.29
139 23.90
140 24.05
141 23.90
142 24.52
143 24.21
144 24.68
145 25.00
146 24.84
147 25.49
148 25.49
149 25.49
150 26.17
151 25.66
152 26.34
153 26.51
154 26.34
155 27.21
156 26.86
157 27.21
158 27.57
159 27.39
160 27.94
161 28.12
162 27.94
163 28.69
164 28.31
165 28.69
166 29.26
167 29.07
168 29.46
169 29.65
170 29.46
171 30.25
172 29.85
173 30.25
174 30.66
175 30.66
176 31.07
177 31.07
178 31.07
179 31.92
180 31.28
181 31.70
182 32.57
183 32.13
184 32.57
185 32.79
186 32.57
187 33.46
188 33.24
189 33.46
190 33.69
191 33.69
192 34.38
193 33.92
194 34.15
195 35.10
196 34.86
197 35.10
198 35.10
199 35.34
200 35.83
201 35.83
202 36.07
203 36.07
204 36.32
205 36.57
206 36.32
207 37.08
208 37.60
209 37.34
210 37.86
211 37.60
212 37.86
213 38.39
214 38.39
215 38.66
216 39.21
217 38.93
218 39.21
219 38.93
220 39.48
221 40.04
222 40.04
223 40.04
224 40.61
225 40.33
226 40.90
227 40.33
228 41.19
229 41.48
230 41.48
231 41.78
232 41.48
233 42.07
234 42.38
235 42.68
236 42.68
237 42.98
238 42.98
239 43.29
240 42.68
241 43.60
242 43.92
243 44.23
244 44.23
245 44.55
246 44.55
247 44.88
248 44.88
249 45.20
250 45.53
251 45.86
252 45.53
253 45.86
254 46.20
255 46.20
STEP
0 0.68
1 0.89
2 0.37
3 0.28
4 0.31
5 0.36
6 0.45
7 0.54
8 0.63
9 0.75
10 0.88
11 0.99
12 1.12
13 1.25
14 1.37
15 1.49
16 1.66
17 1.79
18 1.88
19 2.08
20 2.21
21 2.30
22 2.53
23 2.65
24 2.77
25 2.97
26 3.10
27 3.22
28 3.44
29 3.59
30 3.69
31 3.91
32 4.02
33 4.13
34 4.36
35 4.51
36 4.60
37 4.86
38 4.99
39 5.09
40 5.33
41 5.44
42 5.62
43 5.84
44 5.91
45 6.11
46 6.35
47 6.39
48 6.68
49 6.85
50 6.85
51 7.07
52 7.34
53 7.39
54 7.62
55 7.87
56 7.87
57 8.17
58 8.37
59 8.32
60 8.69
61 8.85
62 8.85
63 9.18
64 9.41
65 9.36
66 9.71
67 9.89
68 9.89
69 10.26
70 10.45
71 10.26
72 10.71
73 10.91
74 10.91
75 11.32
76 11.32
77 11.45
78 11.81
79 11.81
80 12.10
81 12.33
82 12.18
83 12.71
84 12.79
85 12.79
86 13.18
87 13.34
88 13.26
89 13.76
90 13.76
91 13.84
92 14.27
93 14.19
94 14.54
95 14.81
96 14.54
97 15.27
98 15.27
99 15.18
100 15.65
101 15.65
102 15.75
103 16.24
104 15.94
105 16.54
106 16.64
107 16.54
108 17.16
109 16.95
110 17.38
111 17.59
112 17.38
113 18.03
114 17.92
115 18.15
116 18.60
117 18.37
118 18.95
119 18.84
120 18.95
121 19.55
122 19.07
123 19.80
124 19.80
125 19.80
126 20.43
127 20.17
128 20.56
129 20.95
130 20.69
131 21.35
132 21.35
133 21.35
134 21.89
135 21.48
136 22.03
137 22.31
138 22.17
139 22.89
140 22.74
141 22.74
142 23.18
143 23.03
144 23.47
145 23.78
146 23.62
147 24.39
148 23.93
149 24.39
150 24.71
151 24.55
152 25.19
153 25.03
154 25.03
155 26.01
156 25.35
157 25.84
158 26.01
159 26.01
160 26.52
161 26.52
162 26.52
163 27.40
164 26.69
165 27.04
166 27.58
167 27.40
168 27.94
169 27.94
170 27.94
171 28.87
172 28.49
173 28.68
174 28.87
175 28.87
176 29.45
177 29.25
178 29.45
179 30.23
180 29.84
181 30.23
182 30.23
183 30.44
184 31.05
185 30.64
186 30.84
187 31.68
188 31.26
189 31.68
190 31.89
191 31.89
192 32.32
193 32.10
194 32.32
195 33.20
196 32.98
197 33.20
198 33.20
199 33.20
200 33.88
201 33.88
202 33.88
203 34.11
204 34.11
205 34.81
206 34.34
207 34.81
208 35.53
209 35.29
210 35.53
211 35.29
212 35.77
213 36.52
214 36.27
215 36.27
216 37.02
217 36.52
218 37.02
219 36.77
220 37.28
221 37.80
222 37.54
223 37.80
224 37.80
225 38.06
226 38.33
227 38.59
228 38.59
229 39.14
230 38.86
231 39.41
232 39.14
233 39.69
234 39.97
235 39.97
236 40.25
237 40.53
238 40.53
239 40.82
240 40.82
241 40.82
242 41.40
243 41.40
244 41.69
245 41.11
246 41.99
247 42.29
248 42.29
249 42.59
250 42.89
251 42.59
252 42.89
253 43.51
254 43.20
255 43.51
STEP
0 0.67
1 0.81
2 0.36
3 0.28
4 0.30
5 0.36
6 0.45
7 0.53
8 0.63
9 0.75
10 0.87
11 0.98
12 1.11
13 1.25
14 1.36
15 1.48
16 1.64
17 1.76
18 1.91
19 2.04
20 2.18
21 2.32
22 2.47
23 2.59
24 2.75
25 2.92
26 3.03
27 3.19
28 3.37
29 3.47
30 3.62
31 3.80
32 3.90
33 4.09
34 4.26
35 4.38
36 4.56
37 4.74
38 4.80
39 4.96
40 5.19
41 5.26
42 5.43
43 5.65
44 5.68
45 5.90
46 6.17
47 6.13
48 6.45
49 6.61
50 6.61
51 6.90
52 7.08
53 7.08
54 7.34
55 7.57
56 7.57
57 7.86
58 8.10
59 8.05
60 8.30
61 8.56
62 8.51
63 8.82
64 9.04
65 8.93
66 9.32
67 9.55
68 9.43
69 9.84
70 10.02
71 9.96
72 10.33
73 10.45
74 10.51
75 10.84
76 10.90
77 10.97
78 11.37
79 11.30
80 11.58
81 11.86
82 11.72
83 12.15
84 12.37
85 12.29
86 12.67
87 12.75
88 12.75
89 13.22
90 13.14
91 13.38
92 13.70
93 13.54
94 13.95
95 14.12
96 14.04
97 14.64
98 14.64
99 14.55
100 15.00
101 15.00
102 15.18
103 15.56
104 15.18
105 15.94
106 15.94
107 15.84
108 16.33
109 16.13
110 16.53
111 16.83
112 16.73
113 17.14
114 17.14
115 17.36
116 17.79
117 17.57
118 18.11
119 18.00
120 18.00
121 18.56
122 18.23
123 18.79
124 18.91
125 18.91
126 19.38
127 19.14
128 19.62
129 19.87
130 19.74
131 20.37
132 20.11
133 20.24
134 20.75
135 20.37
136 21.01
137 21.27
138 21.14
139 21.95
140 21.54
141 21.67
142 22.08
143 21.95
144 22.36
145 22.50
146 22.36
147 23.08
148 22.79
149 23.08
150 23.52
151 23.37
152 23.82
153 23.82
154 23.82
155 24.58
156 24.12
157 24.43
158 24.74
159 24.58
160 25.38
161 25.06
162 25.22
163 25.71
164 25.54
165 25.87
166 26.04
167 26.04
168 26.72
169 26.37
170 26.54
171 27.41
172 27.06
173 27.24
174 27.59
175 27.41
176 27.95
177 27.59
178 27.95
179 28.69
180 28.32
181 28.69
182 28.69
183 28.88
184 29.26
185 28.88
186 29.45
187 30.23
188 29.64
189 30.04
190 30.04
191 30.23
192 30.84
193 30.23
194 30.84
195 31.46
196 31.04
197 31.46
198 31.25
199 31.46
200 32.09
201 32.09
202 32.09
203 32.31
204 32.31
205 32.74
206 32.31
207 32.96
208 33.41
209 33.18
210 33.63
211 33.41
212 33.63
213 34.32
214 34.32
215 34.32
216 34.79
217 34.55
218 35.02
219 34.79
220 35.02
221 35.74
222 35.50
223 35.74
224 35.50
225 35.99
226 36.49
227 36.49
228 36.49
229 36.99
230 36.74
231 37.24
232 36.74
233 37.24
234 37.50
235 37.76
236 37.76
237 38.29
238 38.29
239 38.55
240 38.55
241 38.82
242 39.09
243 39.09
244 39.37
245 38.82
246 39.64
247 39.64
248 39.92
249 40.20
250 40.20
251 40.20
252 40.48
253 40.77
254 40.77
255 41.06
STEP
0 0.68
1 0.81
2 0.37
3 0.29
4 0.31
5 0.36
6 0.45
7 0.54
8 0.63
9 0.76
10 0.87
11 0.97
12 1.10
13 1.23
14 1.36
15 1.47
16 1.63
17 1.74
18 1.88
19 2.02
20 2.16
21 2.29
22 2.44
23 2.55
24 2.69
25 2.85
26 2.98
27 3.13
28 3.31
29 3.41
30 3.55
31 3.72
32 3.82
33 3.98
34 4.17
35 4.25
36 4.42
37 4.60
38 4.69
39 4.84
40 5.03
41 5.13
42 5.30
43 5.50
44 5.53
45 5.75
46 5.93
47 6.00
48 6.23
49 6.42
50 6.42
51 6.66
52 6.87
53 6.87
54 7.17
55 7.34
56 7.30
57 7.57
58 7.80
59 7.76
60 8.04
61 8.28
62 8.24
63 8.54
64 8.69
65 8.64
66 8.95
67 9.17
68 9.06
69 9.45
70 9.67
71 9.50
72 9.97
73 10.15
74 10.09
75 10.45
76 10.51
77 10.51
78 10.89
79 10.96
80 11.09
81 11.42
82 11.35
83 11.63
84 11.84
85 11.70
86 12.12
87 12.34
88 12.26
89 12.63
90 12.71
91 12.78
92 13.25
93 13.01
94 13.33
95 13.65
96 13.41
97 13.89
98 14.06
99 13.98
100 14.31
101 14.40
102 14.48
103 14.92
104 14.66
105 15.19
106 15.28
107 15.10
108 15.65
109 15.56
110 15.75
111 16.13
112 15.94
113 16.52
114 16.52
115 16.52
116 16.92
117 16.62
118 17.23
119 17.34
120 17.23
121 17.76
122 17.44
123 17.98
124 18.09
125 17.98
126 18.76
127 18.42
128 18.53
129 18.99
130 18.87
131 19.34
132 19.46
133 19.34
134 19.82
135 19.58
136 19.94
137 20.31
138 20.06
139 20.69
140 20.56
141 20.56
142 21.07
143 20.81
144 21.20
145 21.60
146 21.33
147 22.00
148 21.73
149 21.87
150 22.42
151 22.28
152 22.56
153 22.70
154 22.70
155 23.27
156 22.98
157 23.13
158 23.57
159 23.42
160 23.86
161 23.86
162 23.86
163 24.63
164 24.01
165 24.47
166 24.78
167 24.78
168 25.26
169 25.10
170 25.26
171 25.91
172 25.58
173 25.91
174 26.07
175 26.07
176 26.41
177 26.41
178 26.58
179 27.27
180 26.92
181 27.09
182 27.27
183 27.27
184 27.80
185 27.62
186 27.80
187 28.53
188 28.16
189 28.34
190 28.71
191 28.53
192 29.09
193 28.71
194 28.90
195 29.66
196 29.28
197 29.86
198 29.86
199 29.86
200 30.45
201 30.25
202 30.45
203 31.05
204 30.65
205 30.85
206 30.85
207 31.26
208 31.68
209 31.68
210 31.89
211 32.10
212 31.89
213 32.31
214 32.10
215 32.31
216 32.96
217 32.75
218 32.96
219 33.41
220 33.19
221 33.63
222 33.19
223 33.63
224 34.09
225 34.09
226 34.32
227 34.09
228 34.32
229 34.78
230 34.78
231 35.02
232 35.50
233 35.50
234 35.50
235 35.74
236 35.74
237 36.23
238 36.23
239 36.23
240 35.74
241 36.48
242 36.73
243 36.98
244 37.24
245 37.24
246 37.24
247 37.49
248 37.75
249 37.75
250 38.01
251 38.01
252 38.28
253 38.54
254 38.54
255 38.81
STEP
0 0.67
1 0.90
2 0.39
3 0.30
4 0.32
5 0.37
6 0.46
7 0.54
8 0.65
9 0.75
10 0.86
11 0.98
12 1.09
13 1.23
14 1.35
15 1.44
16 1.61
17 1.73
18 1.83
19 1.98
20 2.13
21 2.22
22 2.39
23 2.54
24 2.59
25 2.81
26 2.93
27 2.99
28 3.21
29 3.34
30 3.41
31 3.65
32 3.77
33 3.87
34 4.06
35 4.19
36 4.30
37 4.50
38 4.61
39 4.70
40 4.91
41 5.04
42 5.13
43 5.36
44 5.43
45 5.56
46 5.81
47 5.88
48 6.06
49 6.25
50 6.29
51 6.48
52 6.68
53 6.72
54 6.92
55 7.13
56 7.13
57 7.35
58 7.57
59 7.61
60 7.75
61 8.03
62 8.03
63 8.22
64 8.46
65 8.42
66 8.67
67 8.87
68 8.87
69 9.14
70 9.35
71 9.30
72 9.57
73 9.74
74 9.69
75 10.09
76 10.21
77 10.09
78 10.45
79 10.64
80 10.57
81 11.01
82 11.01
83 11.08
84 11.41
85 11.41
86 11.61
87 11.88
88 11.75
89 12.16
90 12.31
91 12.16
92 12.60
93 12.67
94 12.67
95 13.05
96 13.05
97 13.12
98 13.51
99 13.36
100 13.75
101 13.92
102 13.84
103 14.25
104 14.25
105 14.33
106 14.67
107 14.42
108 15.02
109 15.11
110 15.02
111 15.47
112 15.29
113 15.57
114 15.94
115 15.75
116 16.32
117 16.22
118 16.32
119 16.71
120 16.52
121 17.01
122 17.01
123 17.01
124 17.43
125 17.12
126 17.64
127 17.85
128 17.64
129 18.17
130 17.95
131 18.28
132 18.61
133 18.50
134 18.95
135 18.95
136 18.84
137 19.30
138 19.18
139 19.53
140 19.77
141 19.65
142 20.13
143 20.01
144 20.13
145 20.51
146 20.51
147 20.76
148 21.01
149 20.88
150 21.40
151 21.14
152 21.40
153 21.67
154 21.53
155 22.07
156 22.21
157 22.07
158 22.76
159 22.21
160 22.62
161 23.04
162 22.76
163 23.19
164 23.19
165 23.19
166 24.07
167 23.33
168 23.77
169 24.07
170 23.92
171 24.52
172 24.37
173 24.52
174 25.15
175 24.83
176 24.99
177 25.31
178 25.15
179 25.79
180 25.47
181 25.79
182 26.29
183 26.12
184 26.29
185 26.45
186 26.45
187 26.96
188 26.62
189 26.96
190 27.48
191 27.13
192 27.66
193 27.48
194 27.66
195 28.20
196 28.02
197 28.20
198 28.75
199 28.20
200 28.56
201 28.56
202 28.93
203 29.50
204 29.12
205 29.31
206 29.50
207 29.50
208 29.89
209 29.50
210 30.08
211 30.48
212 30.28
213 30.68
214 30.68
215 30.68
216 31.08
217 30.68
218 31.29
219 31.50
220 31.70
221 31.70
222 32.13
223 31.91
224 32.34
225 32.34
226 32.34
227 32.77
228 32.77
229 32.99
230 32.55
231 33.21
232 33.43
233 33.43
234 33.66
235 33.88
236 33.88
237 34.11
238 34.11
239 34.34
240 34.57
241 34.57
242 34.81
243 34.57
244 35.04
245 35.28
246 35.28
247 35.52
248 35.76
249 35.76
250 36.00
251 36.00
252 36.25
253 36.50
254 36.50
255 36.50
STEP
0 0.68
1 1.03
2 0.42
3 0.32
4 0.34
5 0.39
6 0.47
7 0.56
8 0.65
9 0.75
10 0.88
11 0.98
12 1.08
13 1.22
14 1.34
15 1.44
16 1.59
17 1.71
18 1.81
19 1.96
20 2.11
21 2.21
22 2.36
23 2.50
24 2.59
25 2.77
26 2.90
27 2.97
28 3.15
29 3.31
30 3.37
31 3.56
32 3.70
33 3.75
34 3.95
35 4.13
36 4.16
37 4.37
38 4.51
39 4.57
40 4.80
41 4.95
42 5.01
43 5.23
44 5.33
45 5.39
46 5.66
47 5.73
48 5.83
49 6.05
50 6.15
51 6.23
52 6.49
53 6.57
54 6.65
55 6.89
56 6.97
57 7.05
58 7.30
59 7.39
60 7.47
61 7.74
62 7.83
63 7.88
64 8.16
65 8.25
66 8.30
67 8.59
68 8.64
69 8.74
70 9.00
71 9.05
72 9.16
73 9.48
74 9.42
75 9.59
76 9.92
77 9.87
78 9.98
79 10.33
80 10.27
81 10.51
82 10.76
83 10.57
84 11.01
85 11.13
86 11.07
87 11.39
88 11.52
89 11.46
90 11.86
91 11.79
92 12.00
93 12.35
94 12.14
95 12.49
96 12.71
97 12.56
98 12.93
99 13.08
100 13.01
101 13.39
102 13.39
103 13.62
104 13.86
105 13.70
106 14.02
107 14.11
108 14.19
109 14.61
110 14.35
111 14.78
112 14.95
113 14.86
114 15.30
115 15.12
116 15.39
117 15.66
118 15.57
119 16.04
120 15.94
121 15.94
122 16.42
123 16.13
124 16.61
125 16.71
126 16.71
127 17.11
128 16.91
129 17.21
130 17.41
131 17.31
132 17.94
133 17.72
134 17.83
135 18.26
136 18.04
137 18.48
138 18.59
139 18.48
140 19.15
141 18.81
142 19.04
143 19.38
144 19.27
145 19.61
146 19.61
147 19.61
148 20.09
149 19.73
150 20.21
151 20.46
152 20.34
153 20.83
154 20.71
155 20.83
156 21.22
157 21.22
158 21.47
159 21.61
160 21.47
161 22.14
162 21.74
163 22.00
164 22.28
165 22.14
166 22.69
167 22.55
168 22.55
169 23.25
170 22.69
171 23.11
172 23.40
173 23.40
174 23.84
175 23.69
176 23.69
177 24.43
178 24.13
179 24.28
180 24.43
181 24.43
182 24.90
183 24.59
184 24.90
185 25.53
186 25.21
187 25.53
188 25.37
189 25.53
190 26.01
191 25.69
192 26.01
193 26.68
194 26.18
195 26.51
196 26.51
197 26.68
198 27.19
199 27.19
200 27.19
201 27.71
202 27.36
203 27.71
204 27.54
205 27.71
206 28.25
207 28.07
208 28.25
209 28.25
210 28.43
211 28.80
212 28.61
213 28.99
214 29.36
215 29.36
216 29.55
217 29.36
218 29.74
219 30.13
220 30.13
221 30.13
222 30.53
223 30.33
224 30.53
225 30.33
226 30.73
227 31.13
228 31.13
229 31.13
230 31.54
231 31.54
232 31.75
233 31.34
234 31.96
235 32.17
236 32.17
237 32.38
238 32.60
239 32.60
240 32.82
241 32.82
242 33.03
243 33.26
244 33.26
245 33.48
246 33.03
247 33.70
248 33.93
249 33.93
250 34.16
251 34.16
252 34.16
253 34.39
254 34.62
255 34.62
STEP
0 0.68
1 1.18
2 0.46
3 0.34
4 0.34
5 0.39
6 0.46
7 0.56
8 0.66
9 0.76
10 0.87
11 0.98
12 1.09
13 1.20
14 1.34
15 1.45
16 1.55
17 1.70
18 1.81
19 1.96
20 2.07
21 2.18
22 2.33
23 2.47
24 2.58
25 2.67
26 2.86
27 2.96
28 3.10
29 3.25
30 3.34
31 3.49
32 3.63
33 3.73
34 3.87
35 4.05
36 4.12
37 4.25
38 4.44
39 4.50
40 4.64
41 4.84
42 4.87
43 5.05
44 5.23
45 5.26
46 5.45
47 5.62
48 5.62
49 5.85
50 6.03
51 6.03
52 6.24
53 6.43
54 6.43
55 6.66
56 6.81
57 6.77
58 7.05
59 7.26
60 7.22
61 7.47
62 7.64
63 7.60
64 7.87
65 8.05
66 8.00
67 8.28
68 8.47
69 8.38
70 8.67
71 8.82
72 8.77
73 9.07
74 9.23
75 9.23
76 9.49
77 9.60
78 9.60
79 9.88
80 9.99
81 10.04
82 10.39
83 10.39
84 10.45
85 10.75
86 10.75
87 10.94
88 11.19
89 11.06
90 11.38
91 11.57
92 11.51
93 11.77
94 11.91
95 11.84
96 12.25
97 12.18
98 12.32
99 12.68
100 12.46
101 12.89
102 13.04
103 12.89
104 13.34
105 13.27
106 13.50
107 13.65
108 13.57
109 14.13
110 14.05
111 13.97
112 14.46
113 14.13
114 14.62
115 14.79
116 14.62
117 15.05
118 14.97
119 15.14
120 15.40
121 15.31
122 15.86
123 15.67
124 15.76
125 16.13
126 15.86
127 16.32
128 16.42
129 16.32
130 16.71
131 16.61
132 16.90
133 17.20
134 17.00
135 17.61
136 17.40
137 17.51
138 17.92
139 17.61
140 18.03
141 18.24
142 18.03
143 18.79
144 18.46
145 18.57
146 18.90
147 18.79
148 19.12
149 19.24
150 19.24
151 19.82
152 19.47
153 19.70
154 19.94
155 19.94
156 20.30
157 20.18
158 20.30
159 20.66
160 20.66
161 20.79
162 21.04
163 20.91
164 21.42
165 21.17
166 21.42
167 21.69
168 21.69
169 21.95
170 22.08
171 21.95
172 22.49
173 22.08
174 22.49
175 22.76
176 22.63
177 22.90
178 23.04
179 23.04
180 23.62
181 23.19
182 23.62
183 23.76
184 23.76
185 24.06
186 24.06
187 24.21
188 24.51
189 24.51
190 24.66
191 24.66
192 24.66
193 25.28
194 24.97
195 25.12
196 25.76
197 25.44
198 25.60
199 25.76
200 25.76
201 26.25
202 25.92
203 26.25
204 26.91
205 26.58
206 26.75
207 26.58
208 26.91
209 27.26
210 27.26
211 27.43
212 27.78
213 27.43
214 27.78
215 27.60
216 27.96
217 28.32
218 28.14
219 28.32
220 28.87
221 28.68
222 28.87
223 28.50
224 29.05
225 29.24
226 29.24
227 29.43
228 29.62
229 29.43
230 29.81
231 30.00
232 30.00
233 30.39
234 30.20
235 30.39
236 30.79
237 30.79
238 30.79
239 30.99
240 30.99
241 31.40
242 31.20
243 31.61
244 31.20
245 31.61
246 32.03
247 31.82
248 32.03
249 32.24
250 32.45
251 32.45
252 32.45
253 32.67
254 32.88
255 32.88
STEP
0 0.68
1 0.42
2 0.27
3 0.25
4 0.30
5 0.37
6 0.45
7 0.55
8 0.65
9 0.76
10 0.85
11 0.98
12 1.10
13 1.21
14 1.32
15 1.44
16 1.55
17 1.66
18 1.81
19 1.91
20 2.02
21 2.17
22 2.27
23 2.39
24 2.54
25 2.65
26 2.76
27 2.93
28 3.01
29 3.13
30 3.30
31 3.39
32 3.52
33 3.70
34 3.77
35 3.89
36 4.09
37 4.14
38 4.27
39 4.45
40 4.51
41 4.67
42 4.84
43 4.87
44 5.08
45 5.23
46 5.26
47 5.45
48 5.61
49 5.61
50 5.84
51 5.98
52 5.98
53 6.22
54 6.37
55 6.33
56 6.63
57 6.74
58 6.71
59 7.02
60 7.14
61 7.10
62 7.38
63 7.55
64 7.47
65 7.77
66 7.90
67 7.86
68 8.17
69 8.31
70 8.31
71 8.59
72 8.69
73 8.69
74 8.94
75 9.04
76 9.04
77 9.35
78 9.45
79 9.40
80 9.72
81 9.77
82 9.77
83 10.11
84 10.16
85 10.22
86 10.51
87 10.51
88 10.69
89 10.93
90 10.75
91 11.11
92 11.30
93 11.18
94 11.49
95 11.62
96 11.56
97 11.95
98 11.89
99 12.02
100 12.29
101 12.16
102 12.57
103 12.64
104 12.64
105 13.00
106 12.86
107 13.08
108 13.30
109 13.15
110 13.53
111 13.60
112 13.60
113 14.00
114 13.68
115 14.24
116 14.32
117 14.24
118 14.65
119 14.48
120 14.73
121 14.98
122 14.81
123 15.33
124 15.24
125 15.24
126 15.59
127 15.33
128 15.86
129 15.96
130 15.86
131 16.23
132 16.14
133 16.33
134 16.71
135 16.52
136 16.90
137 16.80
138 16.90
139 17.20
140 17.00
141 17.40
142 17.60
143 17.40
144 18.02
145 17.81
146 18.02
147 18.23
148 18.12
149 18.44
150 18.55
151 18.55
152 19.10
153 18.66
154 18.99
155 19.21
156 19.10
157 19.56
158 19.44
159 19.56
160 19.91
161 19.79
162 20.14
163 20.14
164 20.14
165 20.63
166 20.26
167 20.63
168 20.88
169 20.88
170 21.13
171 21.13
172 21.13
173 21.64
174 21.25
175 21.64
176 21.90
177 21.90
178 22.03
179 22.17
180 22.17
181 22.71
182 22.17
183 22.57
184 22.71
185 22.85
186 23.13
187 22.99
188 23.27
189 23.56
190 23.56
191 23.70
192 23.85
193 23.85
194 24.14
195 23.85
196 24.14
197 24.74
198 24.44
199 24.74
200 24.59
201 24.74
202 25.20
203 25.05
204 25.20
205 25.68
206 25.36
207 25.68
208 25.52
209 25.84
210 26.16
211 26.00
212 26.16
213 26.49
214 26.33
215 26.66
216 26.49
217 26.83
218 27.17
219 27.00
220 27.17
221 27.51
222 27.34
223 27.69
224 27.34
225 27.86
226 28.04
227 28.04
228 28.22
229 28.40
230 28.22
231 28.58
232 28.58
233 28.76
234 28.95
235 28.95
236 29.13
237 28.76
238 29.32
239 29.51
240 29.70
241 29.70
242 29.89
243 29.89
244 30.09
245 30.09
246 30.28
247 30.28
248 30.48
249 30.68
250 30.88
251 30.88
252 31.08
253 31.08
254 31.28
255 31.28
STEP
0 0.69
1 0.85
2 0.40
3 0.31
4 0.33
5 0.39
6 0.47
7 0.55
8 0.65
9 0.76
10 0.87
11 0.98
12 1.08
13 1.20
14 1.32
15 1.43
16 1.55
17 1.66
18 1.78
19 1.91
20 2.01
21 2.13
22 2.28
23 2.39
24 2.49
25 2.63
26 2.72
27 2.85
28 3.00
29 3.12
30 3.23
31 3.37
32 3.46
33 3.59
34 3.75
35 3.84
36 3.96
37 4.11
38 4.18
39 4.33
40 4.47
41 4.55
42 4.71
43 4.85
44 4.91
45 5.05
46 5.23
47 5.26
48 5.41
49 5.60
50 5.60
51 5.80
52 5.96
53 5.96
54 6.17
55 6.35
56 6.31
57 6.53
58 6.71
59 6.68
60 6.90
61 7.06
62 7.06
63 7.26
64 7.46
65 7.42
66 7.63
67 7.85
68 7.76
69 8.07
70 8.20
71 8.11
72 8.38
73 8.57
74 8.48
75 8.71
76 8.91
77 8.81
78 9.16
79 9.26
80 9.21
81 9.52
82 9.62
83 9.62
84 9.89
85 10.00
86 9.95
87 10.28
88 10.34
89 10.34
90 10.68
91 10.63
92 10.80
93 11.04
94 10.86
95 11.23
96 11.42
97 11.29
98 11.54
99 11.67
100 11.67
101 12.00
102 11.87
103 12.13
104 12.34
105 12.20
106 12.61
107 12.54
108 12.68
109 12.97
110 12.82
111 13.26
112 13.26
113 13.19
114 13.56
115 13.34
116 13.79
117 13.87
118 13.79
119 14.10
120 14.10
121 14.26
122 14.50
123 14.42
124 14.83
125 14.75
126 14.83
127 15.09
128 14.92
129 15.26
130 15.43
131 15.35
132 15.79
133 15.70
134 15.79
135 16.06
136 16.06
137 16.33
138 16.33
139 16.33
140 16.90
141 16.52
142 16.71
143 17.00
144 16.90
145 17.40
146 17.30
147 17.30
148 17.60
149 17.40
150 17.70
151 18.01
152 17.91
153 18.32
154 18.11
155 18.32
156 18.65
157 18.54
158 18.76
159 18.86
160 18.76
161 19.31
162 18.98
163 19.20
164 19.54
165 19.42
166 19.77
167 19.77
168 19.77
169 20.36
170 20.12
171 20.24
172 20.36
173 20.36
174 20.72
175 20.60
176 20.72
177 21.35
178 20.97
179 21.22
180 21.35
181 21.35
182 21.73
183 21.35
184 21.73
185 22.26
186 21.86
187 22.26
188 22.13
189 22.26
190 22.67
191 22.53
192 22.67
193 22.80
194 22.80
195 23.08
196 22.94
197 23.22
198 23.65
199 23.50
200 23.65
201 23.79
202 23.79
203 24.08
204 23.94
205 24.08
206 24.53
207 24.38
208 24.53
209 24.53
210 24.68
211 25.14
212 24.99
213 25.14
214 25.45
215 25.30
216 25.45
217 25.30
218 25.61
219 25.93
220 25.93
221 26.09
222 26.42
223 26.26
224 26.42
225 26.09
226 26.59
227 26.92
228 26.75
229 26.92
230 27.26
231 27.09
232 27.26
233 27.43
234 27.43
235 27.78
236 27.61
237 27.78
238 27.61
239 28.14
240 28.32
241 28.32
242 28.50
243 28.68
244 28.68
245 28.86
246 28.86
247 29.05
248 29.05
249 29.23
250 29.23
251 29.42
252 29.42
253 29.61
254 29.80
255 29.80
STEP
0 0.69
1 1.17
2 0.47
3 0.35
4 0.36
5 0.41
6 0.47
7 0.57
8 0.67
9 0.76
10 0.87
11 0.99
12 1.08
13 1.19
14 1.31
15 1.43
16 1.55
17 1.66
18 1.77
19 1.88
20 2.01
21 2.11
22 2.22
23 2.36
24 2.46
25 2.60
26 2.72
27 2.81
28 2.92
29 3.07
30 3.17
31 3.27
32 3.44
33 3.53
34 3.64
35 3.79
36 3.89
37 3.98
38 4.15
39 4.22
40 4.35
41 4.50
42 4.56
43 4.72
44 4.88
45 4.91
46 5.05
47 5.23
48 5.23
49 5.41
50 5.56
51 5.59
52 5.79
53 5.92
54 5.92
55 6.12
56 6.29
57 6.29
58 6.50
59 6.65
60 6.61
61 6.83
62 7.02
63 6.98
64 7.18
65 7.38
66 7.30
67 7.50
68 7.71
69 7.67
70 7.96
71 8.05
72 8.01
73 8.23
74 8.41
75 8.32
76 8.59
77 8.74
78 8.64
79 8.98
80 9.07
81 9.07
82 9.27
83 9.48
84 9.43
85 9.69
86 9.79
87 9.79
88 10.01
89 10.17
90 10.12
91 10.45
92 10.39
93 10.51
94 10.80
95 10.68
96 10.98
97 11.10
98 11.04
99 11.40
100 11.40
101 11.40
102 11.72
103 11.59
104 11.85
105 11.98
106 11.91
107 12.24
108 12.24
109 12.31
110 12.58
111 12.52
112 12.86
113 12.93
114 12.86
115 13.22
116 13.01
117 13.37
118 13.52
119 13.44
120 13.74
121 13.67
122 13.74
123 14.13
124 13.97
125 14.37
126 14.37
127 14.29
128 14.69
129 14.45
130 14.77
131 15.02
132 14.94
133 15.36
134 15.19
135 15.28
136 15.62
137 15.36
138 15.71
139 15.89
140 15.80
141 16.25
142 16.07
143 16.25
144 16.53
145 16.44
146 16.72
147 16.82
148 16.72
149 17.20
150 16.82
151 17.20
152 17.40
153 17.30
154 17.70
155 17.60
156 17.60
157 17.90
158 17.90
159 18.11
160 18.22
161 18.11
162 18.64
163 18.32
164 18.64
165 18.86
166 18.75
167 19.08
168 18.97
169 19.08
170 19.64
171 19.30
172 19.52
173 19.64
174 19.64
175 19.99
176 19.87
177 19.99
178 20.46
179 20.22
180 20.46
181 20.58
182 20.46
183 20.95
184 20.58
185 20.82
186 21.32
187 21.07
188 21.32
189 21.32
190 21.45
191 21.83
192 21.70
193 21.83
194 22.23
195 21.96
196 22.23
197 22.10
198 22.36
199 22.77
200 22.63
201 22.77
202 22.77
203 22.77
204 23.18
205 22.90
206 23.18
207 23.61
208 23.46
209 23.46
210 23.61
211 23.75
212 24.04
213 24.04
214 24.04
215 24.34
216 24.34
217 24.48
218 24.34
219 24.63
220 24.79
221 24.94
222 25.09
223 25.40
224 25.09
225 25.25
226 25.09
227 25.40
228 25.72
229 25.72
230 25.88
231 26.04
232 25.88
233 26.20
234 25.88
235 26.36
236 26.70
237 26.53
238 26.70
239 26.86
240 26.86
241 27.03
242 27.20
243 27.20
244 27.37
245 27.37
246 27.55
247 27.55
248 27.72
249 27.89
250 27.89
251 28.07
252 28.25
253 28.25
254 28.43
255 28.43
STEP
0 0.69
1 0.58
2 0.33
3 0.29
4 0.31
5 0.39
6 0.47
7 0.56
8 0.66
9 0.76
10 0.87
11 0.97
12 1.09
13 1.20
14 1.31
15 1.42
16 1.53
17 1.60
18 1.77
19 1.86
20 1.95
21 2.10
22 2.21
23 2.27
24 2.45
25 2.56
26 2.61
27 2.81
28 2.90
29 2.99
30 3.14
31 3.24
32 3.32
33 3.51
34 3.57
35 3.66
36 3.84
37 3.93
38 4.00
39 4.19
40 4.26
41 4.36
42 4.51
43 4.59
44 4.70
45 4.89
46 4.94
47 5.05
48 5.23
49 5.26
50 5.40
51 5.56
52 5.59
53 5.77
54 5.90
55 5.94
56 6.10
57 6.23
58 6.27
59 6.44
60 6.62
61 6.62
62 6.76
63 6.95
64 6.91
65 7.10
66 7.30
67 7.26
68 7.45
69 7.62
70 7.58
71 7.78
72 7.99
73 7.95
74 8.12
75 8.30
76 8.26
77 8.43
78 8.62
79 8.57
80 8.80
81 9.00
82 8.90
83 9.14
84 9.29
85 9.19
86 9.49
87 9.64
88 9.49
89 9.85
90 9.96
91 9.91
92 10.23
93 10.28
94 10.23
95 10.51
96 10.51
97 10.56
98 10.91
99 10.79
100 10.97
101 11.21
102 11.09
103 11.33
104 11.39
105 11.45
106 11.77
107 11.58
108 11.96
109 12.02
110 11.96
111 12.29
112 12.15
113 12.42
114 12.63
115 12.49
116 12.90
117 12.83
118 12.83
119 13.19
120 12.90
121 13.33
122 13.41
123 13.33
124 13.70
125 13.55
126 13.78
127 14.01
128 13.93
129 14.32
130 14.24
131 14.24
132 14.56
133 14.32
134 14.72
135 14.80
136 14.72
137 15.22
138 15.05
139 15.13
140 15.47
141 15.30
142 15.64
143 15.73
144 15.56
145 16.09
146 15.82
147 16.00
148 16.27
149 16.18
150 16.54
151 16.54
152 16.45
153 17.02
154 16.64
155 16.92
156 17.11
157 17.02
158 17.41
159 17.31
160 17.41
161 17.70
162 17.60
163 17.81
164 17.81
165 17.91
166 18.32
167 18.01
168 18.22
169 18.43
170 18.32
171 18.75
172 18.64
173 18.75
174 19.18
175 18.96
176 19.18
177 19.29
178 19.18
179 19.63
180 19.52
181 19.52
182 20.09
183 19.86
184 19.98
185 20.09
186 20.09
187 20.45
188 20.21
189 20.45
190 20.93
191 20.69
192 20.93
193 20.81
194 20.93
195 21.43
196 21.18
197 21.43
198 21.30
199 21.43
200 21.81
201 21.56
202 21.81
203 22.21
204 21.94
205 22.21
206 22.21
207 22.34
208 22.61
209 22.34
210 22.61
211 23.02
212 22.74
213 23.02
214 22.88
215 23.15
216 23.29
217 23.43
218 23.58
219 23.86
220 23.58
221 24.01
222 23.58
223 24.01
224 24.30
225 24.15
226 24.30
227 24.45
228 24.45
229 24.75
230 24.75
231 24.75
232 25.05
233 24.90
234 25.05
235 24.90
236 25.21
237 25.52
238 25.52
239 25.52
240 25.84
241 25.84
242 26.00
243 25.68
244 26.00
245 26.16
246 26.32
247 26.32
248 26.49
249 26.65
250 26.65
251 26.65
252 26.82
253 26.99
254 26.99
255 27.16
STEP
0 0.70
1 1.03
2 0.45
3 0.35
4 0.36
5 0.41
6 0.49
7 0.58
8 0.67
9 0.75
10 0.88
11 0.98
12 1.07
13 1.19
14 1.31
15 1.39
16 1.52
17 1.64
18 1.72
19 1.85
20 1.97
21 2.05
22 2.17
23 2.31
24 2.39
25 2.51
26 2.65
27 2.72
28 2.86
29 2.98
30 3.04
31 3.17
32 3.31
33 3.37
34 3.53
35 3.66
36 3.70
37 3.83
38 3.97
39 4.02
40 4.18
41 4.32
42 4.35
43 4.52
44 4.63
45 4.65
46 4.86
47 4.97
48 5.00
49 5.20
50 5.28
51 5.34
52 5.55
53 5.61
54 5.67
55 5.89
56 5.95
57 5.98
58 6.21
59 6.28
60 6.32
61 6.56
62 6.63
63 6.63
64 6.88
65 6.92
66 6.95
67 7.22
68 7.26
69 7.29
70 7.49
71 7.57
72 7.57
73 7.81
74 7.90
75 7.90
76 8.15
77 8.20
78 8.24
79 8.50
80 8.50
81 8.55
82 8.82
83 8.82
84 8.87
85 9.16
86 9.11
87 9.21
88 9.50
89 9.45
90 9.50
91 9.76
92 9.71
93 9.86
94 10.13
95 9.97
96 10.23
97 10.40
98 10.34
99 10.68
100 10.68
101 10.62
102 10.91
103 10.85
104 11.02
105 11.26
106 11.14
107 11.44
108 11.50
109 11.50
110 11.75
111 11.63
112 11.94
113 12.01
114 11.94
115 12.33
116 12.14
117 12.40
118 12.60
119 12.46
120 12.94
121 12.80
122 12.80
123 13.15
124 13.01
125 13.30
126 13.37
127 13.30
128 13.59
129 13.44
130 13.66
131 13.96
132 13.81
133 14.27
134 14.19
135 14.12
136 14.43
137 14.27
138 14.59
139 14.75
140 14.59
141 15.07
142 14.91
143 14.99
144 15.24
145 15.16
146 15.41
147 15.49
148 15.41
149 15.84
150 15.67
151 15.84
152 16.11
153 16.02
154 16.20
155 16.38
156 16.29
157 16.75
158 16.38
159 16.65
160 16.94
161 16.84
162 17.13
163 17.03
164 17.13
165 17.61
166 17.32
167 17.52
168 17.61
169 17.61
170 18.02
171 17.71
172 17.92
173 18.12
174 18.12
175 18.43
176 18.33
177 18.43
178 18.86
179 18.64
180 18.75
181 18.96
182 18.86
183 19.18
184 19.07
185 19.18
186 19.74
187 19.40
188 19.63
189 19.63
190 19.63
191 19.97
192 19.86
193 20.09
194 20.32
195 20.21
196 20.44
197 20.32
198 20.44
199 20.80
200 20.68
201 20.92
202 20.92
203 20.92
204 21.17
205 21.05
206 21.17
207 21.67
208 21.42
209 21.67
210 21.67
211 21.67
212 22.06
213 21.80
214 22.06
215 22.32
216 22.32
217 22.46
218 22.32
219 22.59
220 22.73
221 22.73
222 22.86
223 23.14
224 23.00
225 23.14
226 23.00
227 23.28
228 23.56
229 23.42
230 23.70
231 23.84
232 23.84
233 23.99
234 23.99
235 23.99
236 24.28
237 24.28
238 24.43
239 24.58
240 24.58
241 24.73
242 24.88
243 24.88
244 25.03
245 25.03
246 25.18
247 24.88
248 25.34
249 25.49
250 25.49
251 25.65
252 25.65
253 25.81
254 25.81
255 25.97
STEP
0 0.69
1 0.59
2 0.34
3 0.30
4 0.33
5 0.40
6 0.48
7 0.57
8 0.66
9 0.77
10 0.88
11 0.98
12 1.07
13 1.18
14 1.26
15 1.41
16 1.51
17 1.58
18 1.74
19 1.83
20 1.92
21 2.06
22 2.16
23 2.24
24 2.39
25 2.48
26 2.55
27 2.71
28 2.82
29 2.85
30 3.05
31 3.14
32 3.16
33 3.35
34 3.47
35 3.53
36 3.70
37 3.79
38 3.85
39 4.01
40 4.12
41 4.17
42 4.36
43 4.41
44 4.48
45 4.68
46 4.74
47 4.81
48 5.00
49 5.03
50 5.17
51 5.31
52 5.34
53 5.45
54 5.63
55 5.66
56 5.78
57 5.97
58 5.97
59 6.10
60 6.26
61 6.29
62 6.43
63 6.60
64 6.60
65 6.70
66 6.88
67 6.88
68 7.03
69 7.22
70 7.22
71 7.33
72 7.52
73 7.52
74 7.64
75 7.84
76 7.80
77 7.97
78 8.14
79 8.09
80 8.26
81 8.44
82 8.40
83 8.62
84 8.80
85 8.66
86 8.89
87 9.08
88 8.94
89 9.27
90 9.37
91 9.27
92 9.51
93 9.67
94 9.51
95 9.87
96 9.97
97 9.87
98 10.24
99 10.24
100 10.18
101 10.45
102 10.45
103 10.56
104 10.79
105 10.68
106 10.96
107 10.96
108 11.02
109 11.31
110 11.13
111 11.43
112 11.55
113 11.49
114 11.80
115 11.68
116 11.86
117 12.05
118 11.93
119 12.31
120 12.25
121 12.31
122 12.58
123 12.38
124 12.78
125 12.85
126 12.78
127 13.05
128 12.98
129 13.12
130 13.34
131 13.27
132 13.55
133 13.55
134 13.55
135 13.85
136 13.70
137 13.92
138 14.07
139 14.00
140 14.46
141 14.30
142 14.38
143 14.62
144 14.54
145 14.78
146 14.86
147 14.78
148 15.18
149 15.02
150 15.10
151 15.44
152 15.35
153 15.61
154 15.61
155 15.61
156 16.04
157 15.69
158 15.95
159 16.13
160 16.13
161 16.31
162 16.40
163 16.40
164 16.86
165 16.49
166 16.67
167 16.86
168 16.77
169 17.14
170 17.05
171 17.14
172 17.63
173 17.34
174 17.53
175 17.63
176 17.63
177 17.93
178 17.73
179 17.93
180 18.13
181 18.13
182 18.34
183 18.24
184 18.34
185 18.76
186 18.55
187 18.65
188 18.87
189 18.87
190 19.08
191 18.97
192 19.19
193 19.52
194 19.41
195 19.52
196 19.41
197 19.52
198 19.86
199 19.86
200 19.86
201 20.33
202 19.98
203 20.33
204 20.21
205 20.33
206 20.68
207 20.44
208 20.68
209 20.68
210 20.80
211 21.05
212 21.05
213 21.05
214 21.42
215 21.29
216 21.42
217 21.29
218 21.54
219 21.67
220 21.80
221 21.80
222 22.06
223 21.93
224 22.19
225 21.93
226 22.32
227 22.45
228 22.59
229 22.59
230 22.86
231 22.72
232 22.86
233 22.99
234 22.99
235 23.13
236 23.13
237 23.27
238 23.13
239 23.41
240 23.55
241 23.69
242 23.69
243 23.83
244 23.98
245 23.98
246 24.12
247 24.12
248 24.27
249 24.42
250 24.42
251 24.57
252 24.57
253 24.72
254 24.72
255 24.87
STEP
0 0.70
1 1.15
2 0.49
3 0.36
4 0.37
5 0.43
6 0.49
7 0.58
8 0.68
9 0.77
10 0.87
11 0.98
12 1.07
13 1.17
14 1.29
15 1.39
16 1.51
17 1.61
18 1.70
19 1.82
20 1.92
21 2.03
22 2.13
23 2.26
24 2.35
25 2.44
26 2.56
27 2.64
28 2.76
29 2.90
30 2.97
31 3.06
32 3.21
33 3.28
34 3.38
35 3.54
36 3.60
37 3.68
38 3.85
39 3.89
40 4.00
41 4.16
42 4.21
43 4.35
44 4.47
45 4.52
46 4.61
47 4.77
48 4.79
49 4.92
50 5.08
51 5.08
52 5.28
53 5.39
54 5.39
55 5.56
56 5.68
57 5.68
58 5.86
59 5.99
60 5.95
61 6.18
62 6.31
63 6.31
64 6.51
65 6.61
66 6.57
67 6.75
68 6.89
69 6.85
70 7.07
71 7.21
72 7.14
73 7.36
74 7.48
75 7.44
76 7.64
77 7.83
78 7.75
79 8.00
80 8.08
81 8.00
82 8.29
83 8.38
84 8.29
85 8.64
86 8.68
87 8.64
88 8.82
89 9.00
90 8.96
91 9.14
92 9.28
93 9.19
94 9.43
95 9.53
96 9.48
97 9.78
98 9.83
99 9.78
100 10.08
101 10.03
102 10.14
103 10.40
104 10.30
105 10.57
106 10.51
107 10.57
108 10.84
109 10.68
110 11.01
111 11.01
112 11.01
113 11.36
114 11.19
115 11.42
116 11.60
117 11.48
118 11.85
119 11.73
120 11.79
121 12.04
122 11.85
123 12.23
124 12.29
125 12.23
126 12.55
127 12.42
128 12.55
129 12.82
130 12.69
131 13.10
132 12.96
133 12.96
134 13.24
135 13.10
136 13.38
137 13.59
138 13.45
139 13.81
140 13.67
141 13.81
142 13.96
143 13.96
144 14.19
145 14.19
146 14.19
147 14.57
148 14.34
149 14.49
150 14.81
151 14.65
152 14.97
153 14.89
154 14.89
155 15.30
156 15.05
157 15.30
158 15.55
159 15.38
160 15.72
161 15.72
162 15.72
163 16.07
164 15.72
165 15.98
166 16.16
167 16.07
168 16.33
169 16.33
170 16.42
171 16.79
172 16.61
173 16.79
174 16.79
175 16.88
176 17.17
177 16.98
178 17.17
179 17.36
180 17.26
181 17.55
182 17.45
183 17.55
184 17.95
185 17.85
186 17.95
187 18.05
188 17.95
189 18.25
190 18.25
191 18.25
192 18.67
193 18.46
194 18.56
195 18.67
196 18.77
197 18.99
198 18.67
199 19.10
200 19.31
201 19.20
202 19.31
203 19.20
204 19.42
205 19.65
206 19.65
207 19.76
208 19.76
209 19.76
210 20.10
211 19.99
212 20.10
213 20.45
214 20.34
215 20.45
216 20.45
217 20.57
218 20.81
219 20.81
220 20.93
221 21.18
222 21.05
223 21.18
224 21.05
225 21.30
226 21.43
227 21.43
228 21.55
229 21.81
230 21.81
231 21.81
232 21.55
233 22.06
234 22.06
235 22.19
236 22.19
237 22.46
238 22.46
239 22.59
240 22.59
241 22.72
242 22.86
243 22.72
244 22.86
245 22.72
246 23.00
247 23.13
248 23.27
249 23.27
250 23.41
251 23.55
252 23.55
253 23.55
254 23.69
255 23.84
STEP
0 0.70
1 0.82
2 0.42
3 0.33
4 0.36
5 0.42
6 0.49
7 0.57
8 0.66
9 0.76
10 0.88
11 0.98
12 1.07
13 1.19
14 1.29
15 1.37
16 1.49
17 1.59
18 1.68
19 1.80
20 1.89
21 2.01
22 2.11
23 2.20
24 2.32
25 2.44
26 2.52
27 2.64
28 2.74
29 2.82
30 2.94
31 3.05
32 3.12
33 3.25
34 3.36
35 3.44
36 3.56
37 3.66
38 3.72
39 3.82
40 3.97
41 4.02
42 4.13
43 4.29
44 4.29
45 4.43
46 4.57
47 4.60
48 4.72
49 4.90
50 4.87
51 5.06
52 5.19
53 5.16
54 5.35
55 5.47
56 5.44
57 5.64
58 5.76
59 5.76
60 5.94
61 6.06
62 6.00
63 6.22
64 6.35
65 6.28
66 6.51
67 6.65
68 6.55
69 6.79
70 6.92
71 6.85
72 7.07
73 7.21
74 7.18
75 7.36
76 7.47
77 7.44
78 7.63
79 7.78
80 7.67
81 7.94
82 8.11
83 7.94
84 8.32
85 8.32
86 8.32
87 8.53
88 8.62
89 8.57
90 8.79
91 8.88
92 8.88
93 9.11
94 9.16
95 9.16
96 9.35
97 9.39
98 9.44
99 9.69
100 9.69
101 9.69
102 9.94
103 9.84
104 10.04
105 10.25
106 10.14
107 10.35
108 10.41
109 10.46
110 10.73
111 10.51
112 10.90
113 10.90
114 10.84
115 11.12
116 11.07
117 11.18
118 11.36
119 11.30
120 11.65
121 11.59
122 11.59
123 11.84
124 11.78
125 12.02
126 12.02
127 12.02
128 12.28
129 12.15
130 12.34
131 12.53
132 12.40
133 12.87
134 12.73
135 12.80
136 13.00
137 12.87
138 13.14
139 13.28
140 13.14
141 13.49
142 13.35
143 13.56
144 13.78
145 13.63
146 13.85
147 13.93
148 13.85
149 14.30
150 14.00
151 14.22
152 14.38
153 14.30
154 14.53
155 14.53
156 14.61
157 15.01
158 14.69
159 14.85
160 15.09
161 15.01
162 15.25
163 15.25
164 15.25
165 15.67
166 15.33
167 15.67
168 15.75
169 15.75
170 16.01
171 15.92
172 16.01
173 16.45
174 16.19
175 16.36
176 16.36
177 16.36
178 16.73
179 16.54
180 16.73
181 16.91
182 16.73
183 17.10
184 17.10
185 17.10
186 17.48
187 17.38
188 17.29
189 17.58
190 17.48
191 17.77
192 17.58
193 17.77
194 18.07
195 17.97
196 18.17
197 18.07
198 18.17
199 18.38
200 18.38
201 18.48
202 18.80
203 18.59
204 18.80
205 18.69
206 18.90
207 19.12
208 19.12
209 19.23
210 19.23
211 19.23
212 19.44
213 19.44
214 19.56
215 19.78
216 19.78
217 19.78
218 19.78
219 19.89
220 20.12
221 20.12
222 20.24
223 20.47
224 20.35
225 20.59
226 20.24
227 20.59
228 20.83
229 20.83
230 20.83
231 20.83
232 20.95
233 21.19
234 21.07
235 21.32
236 21.44
237 21.44
238 21.57
239 21.32
240 21.57
241 21.82
242 21.82
243 21.95
244 22.08
245 21.95
246 22.08
247 22.34
248 22.21
249 22.34
250 22.47
251 22.47
252 22.61
253 22.74
254 22.74
255 22.88
STEP
0 0.70
1 0.56
2 0.33
3 0.30
4 0.34
5 0.42
6 0.49
7 0.58
8 0.67
9 0.77
10 0.86
11 0.97
12 1.07
13 1.17
14 1.29
15 1.38
16 1.47
17 1.58
18 1.68
19 1.78
20 1.88
21 2.01
22 2.10
23 2.18
24 2.30
25 2.40
26 2.47
27 2.60
28 2.71
29 2.79
30 2.90
31 2.99
32 3.08
33 3.22
34 3.29
35 3.37
36 3.50
37 3.58
38 3.68
39 3.82
40 3.86
41 3.97
42 4.10
43 4.14
44 4.28
45 4.39
46 4.41
47 4.53
48 4.68
49 4.70
50 4.82
51 4.95
52 4.95
53 5.11
54 5.24
55 5.27
56 5.40
57 5.54
58 5.52
59 5.72
60 5.80
61 5.80
62 5.98
63 6.11
64 6.08
65 6.23
66 6.39
67 6.33
68 6.52
69 6.65
70 6.59
71 6.79
72 6.93
73 6.89
74 7.10
75 7.21
76 7.14
77 7.32
78 7.47
79 7.39
80 7.66
81 7.77
82 7.66
83 7.97
84 8.01
85 7.93
86 8.26
87 8.30
88 8.26
89 8.47
90 8.55
91 8.51
92 8.73
93 8.81
94 8.81
95 9.04
96 9.04
97 9.04
98 9.27
99 9.31
100 9.31
101 9.55
102 9.50
103 9.60
104 9.85
105 9.70
106 10.00
107 10.05
108 10.00
109 10.30
110 10.20
111 10.36
112 10.52
113 10.46
114 10.68
115 10.68
116 10.79
117 10.95
118 10.73
119 11.12
120 11.12
121 11.12
122 11.41
123 11.24
124 11.53
125 11.65
126 11.53
127 11.95
128 11.77
129 11.89
130 12.07
131 12.01
132 12.26
133 12.32
134 12.26
135 12.45
136 12.45
137 12.58
138 12.78
139 12.65
140 12.91
141 12.91
142 12.91
143 13.18
144 13.05
145 13.25
146 13.39
147 13.39
148 13.68
149 13.53
150 13.60
151 13.89
152 13.68
153 13.97
154 14.04
155 14.04
156 14.34
157 14.27
158 14.27
159 14.57
160 14.49
161 14.65
162 14.80
163 14.65
164 14.96
165 14.80
166 14.88
167 15.12
168 15.12
169 15.29
170 15.37
171 15.29
172 15.62
173 15.45
174 15.62
175 15.79
176 15.79
177 15.96
178 16.05
179 15.96
180 16.31
181 16.05
182 16.31
183 16.40
184 16.40
185 16.67
186 16.58
187 16.67
188 17.04
189 16.85
190 16.94
191 17.13
192 17.13
193 17.32
194 17.13
195 17.32
196 17.61
197 17.41
198 17.61
199 17.61
200 17.61
201 17.90
202 17.80
203 18.00
204 18.00
205 18.00
206 18.30
207 18.10
208 18.30
209 18.61
210 18.51
211 18.61
212 18.61
213 18.72
214 18.93
215 19.04
216 19.04
217 19.25
218 19.14
219 19.25
220 19.04
221 19.36
222 19.47
223 19.58
224 19.58
225 19.81
226 19.81
227 20.03
228 19.69
229 19.92
230 20.03
231 20.03
232 20.15
233 20.15
234 20.50
235 20.50
236 20.50
237 20.62
238 20.74
239 20.74
240 20.98
241 20.86
242 20.98
243 21.22
244 21.10
245 21.22
246 21.22
247 21.47
248 21.34
249 21.47
250 21.59
251 21.72
252 21.72
253 21.72
254 21.85
255 21.98
STEP
0 0.70
1 1.20
2 0.51
3 0.39
4 0.40
5 0.43
6 0.51
7 0.60
8 0.68
9 0.78
10 0.87
11 0.98
12 1.08
13 1.14
14 1.27
15 1.38
16 1.45
17 1.58
18 1.67
19 1.75
20 1.87
21 1.98
22 2.04
23 2.17
24 2.29
25 2.34
26 2.47
27 2.56
28 2.63
29 2.77
30 2.85
31 2.91
32 3.07
33 3.15
34 3.19
35 3.35
36 3.43
37 3.45
38 3.64
39 3.72
40 3.76
41 3.94
42 4.00
43 4.05
44 4.22
45 4.29
46 4.33
47 4.49
48 4.54
49 4.63
50 4.80
51 4.83
52 4.90
53 5.05
54 5.08
55 5.18
56 5.32
57 5.37
58 5.48
59 5.62
60 5.62
61 5.73
62 5.91
63 5.88
64 6.00
65 6.15
66 6.15
67 6.27
68 6.43
69 6.40
70 6.53
71 6.69
72 6.69
73 6.79
74 6.96
75 6.93
76 7.03
77 7.25
78 7.17
79 7.32
80 7.46
81 7.46
82 7.58
83 7.77
84 7.73
85 7.84
86 8.00
87 8.00
88 8.12
89 8.28
90 8.24
91 8.41
92 8.53
93 8.41
94 8.66
95 8.79
96 8.62
97 8.97
98 9.05
99 9.01
100 9.24
101 9.28
102 9.19
103 9.42
104 9.47
105 9.52
106 9.71
107 9.56
108 9.81
109 10.00
110 9.86
111 10.16
112 10.16
113 10.16
114 10.41
115 10.21
116 10.52
117 10.57
118 10.57
119 10.79
120 10.73
121 10.90
122 11.01
123 10.95
124 11.29
125 11.23
126 11.23
127 11.46
128 11.23
129 11.58
130 11.64
131 11.58
132 11.82
133 11.82
134 11.94
135 12.06
136 12.06
137 12.25
138 12.25
139 12.25
140 12.50
141 12.37
142 12.57
143 12.76
144 12.63
145 12.96
146 12.89
147 12.89
148 13.09
149 13.03
150 13.23
151 13.37
152 13.23
153 13.58
154 13.51
155 13.65
156 13.87
157 13.72
158 13.94
159 14.01
160 13.94
161 14.31
162 14.08
163 14.23
164 14.46
165 14.38
166 14.54
167 14.54
168 14.54
169 14.93
170 14.69
171 14.85
172 15.00
173 15.00
174 15.25
175 15.16
176 15.25
177 15.49
178 15.25
179 15.49
180 15.57
181 15.57
182 15.74
183 15.74
184 15.83
185 16.08
186 15.83
187 16.00
188 16.17
189 16.17
190 16.35
191 16.35
192 16.35
193 16.70
194 16.61
195 16.70
196 16.80
197 16.80
198 16.98
199 16.89
200 16.98
201 17.36
202 17.26
203 17.36
204 17.36
205 17.45
206 17.64
207 17.64
208 17.64
209 17.74
210 17.74
211 18.04
212 17.84
213 18.04
214 18.24
215 18.14
216 18.34
217 18.24
218 18.44
219 18.55
220 18.55
221 18.55
222 18.86
223 18.75
224 18.97
225 18.86
226 19.07
227 19.18
228 19.18
229 19.18
230 19.40
231 19.40
232 19.51
233 19.51
234 19.62
235 19.84
236 19.73
237 19.84
238 19.62
239 19.95
240 20.07
241 20.18
242 20.18
243 20.30
244 20.18
245 20.42
246 20.65
247 20.42
248 20.65
249 20.65
250 20.77
251 20.77
252 20.89
253 20.89
254 21.01
255 21.01
STEP
0 0.70
1 1.10
2 0.50
3 0.38
4 0.39
5 0.44
6 0.52
7 0.59
8 0.68
9 0.78
10 0.87
11 0.98
12 1.07
13 1.17
14 1.28
15 1.36
16 1.45
17 1.56
18 1.66
19 1.74
20 1.86
21 1.95
22 2.06
23 2.17
24 2.23
25 2.35
26 2.45
27 2.52
28 2.62
29 2.75
30 2.81
31 2.92
32 3.02
33 3.09
34 3.18
35 3.30
36 3.36
37 3.47
38 3.58
39 3.64
40 3.75
41 3.87
42 3.91
43 3.98
44 4.12
45 4.17
46 4.30
47 4.43
48 4.43
49 4.57
50 4.66
51 4.66
52 4.83
53 4.95
54 4.93
55 5.10
56 5.21
57 5.18
58 5.37
59 5.50
60 5.42
61 5.64
62 5.72
63 5.69
64 5.92
65 5.98
66 5.92
67 6.16
68 6.25
69 6.25
70 6.44
71 6.50
72 6.50
73 6.70
74 6.76
75 6.73
76 6.90
77 7.03
78 6.97
79 7.17
80 7.24
81 7.24
82 7.42
83 7.53
84 7.53
85 7.68
86 7.79
87 7.76
88 7.91
89 8.03
90 8.03
91 8.18
92 8.22
93 8.22
94 8.47
95 8.47
96 8.47
97 8.72
98 8.68
99 8.72
100 8.98
101 8.90
102 9.03
103 9.21
104 9.07
105 9.34
106 9.44
107 9.34
108 9.58
109 9.62
110 9.62
111 9.87
112 9.77
113 9.87
114 10.06
115 9.96
116 10.32
117 10.21
118 10.26
119 10.47
120 10.32
121 10.63
122 10.68
123 10.63
124 10.90
125 10.79
126 10.95
127 11.12
128 11.01
129 11.29
130 11.29
131 11.29
132 11.52
133 11.34
134 11.63
135 11.75
136 11.63
137 11.93
138 11.81
139 11.93
140 12.17
141 12.05
142 12.24
143 12.30
144 12.24
145 12.62
146 12.42
147 12.62
148 12.75
149 12.68
150 12.88
151 12.94
152 12.88
153 13.28
154 13.01
155 13.21
156 13.28
157 13.28
158 13.49
159 13.42
160 13.49
161 13.84
162 13.49
163 13.84
164 13.91
165 13.84
166 14.13
167 13.98
168 14.13
169 14.43
170 14.20
171 14.35
172 14.43
173 14.51
174 14.74
175 14.58
176 14.66
177 15.05
178 14.97
179 14.97
180 15.05
181 15.13
182 15.29
183 15.13
184 15.29
185 15.62
186 15.45
187 15.62
188 15.62
189 15.62
190 15.87
191 15.70
192 15.87
193 16.13
194 16.04
195 16.21
196 16.21
197 16.21
198 16.48
199 16.48
200 16.48
201 16.48
202 16.57
203 16.84
204 16.66
205 16.75
206 17.11
207 16.93
208 17.11
209 17.02
210 17.21
211 17.40
212 17.30
213 17.40
214 17.59
215 17.49
216 17.69
217 17.49
218 17.78
219 17.98
220 17.88
221 17.98
222 17.98
223 18.08
224 18.18
225 18.28
226 18.38
227 18.48
228 18.38
229 18.59
230 18.38
231 18.69
232 18.90
233 18.80
234 18.90
235 18.90
236 19.01
237 19.22
238 19.22
239 19.22
240 19.33
241 19.22
242 19.55
243 19.22
244 19.55
245 19.66
246 19.66
247 19.66
248 19.88
249 19.88
250 20.00
251 20.00
252 20.00
253 20.23
254 20.23
255 20.34
STEP
0 0.71
1 1.01
2 0.48
3 0.38
4 0.39
5 0.44
6 0.51
7 0.60
8 0.68
9 0.77
10 0.88
11 0.97
12 1.06
13 1.17
14 1.26
15 1.34
16 1.45
17 1.55
18 1.64
19 1.74
20 1.85
21 1.93
22 2.02
23 2.13
24 2.20
25 2.31
26 2.42
27 2.48
28 2.59
29 2.70
30 2.76
31 2.85
32 2.97
33 3.02
34 3.13
35 3.25
36 3.29
37 3.41
38 3.52
39 3.56
40 3.67
41 3.79
42 3.81
43 3.95
44 4.05
45 4.07
46 4.22
47 4.31
48 4.29
49 4.51
50 4.57
51 4.60
52 4.76
53 4.83
54 4.88
55 5.03
56 5.08
57 5.10
58 5.28
59 5.33
60 5.36
61 5.55
62 5.57
63 5.60
64 5.80
65 5.82
66 5.85
67 6.05
68 6.11
69 6.11
70 6.29
71 6.32
72 6.35
73 6.54
74 6.57
75 6.57
76 6.77
77 6.83
78 6.80
79 7.07
80 7.07
81 7.10
82 7.31
83 7.31
84 7.31
85 7.53
86 7.53
87 7.56
88 7.75
89 7.78
90 7.78
91 8.01
92 8.01
93 8.01
94 8.25
95 8.21
96 8.29
97 8.53
98 8.41
99 8.53
100 8.70
101 8.62
102 8.87
103 8.91
104 8.87
105 9.09
106 9.09
107 9.09
108 9.36
109 9.27
110 9.36
111 9.59
112 9.41
113 9.69
114 9.78
115 9.69
116 9.93
117 9.93
118 9.93
119 10.17
120 10.07
121 10.27
122 10.37
123 10.27
124 10.58
125 10.48
126 10.63
127 10.79
128 10.69
129 11.01
130 10.95
131 10.90
132 11.17
133 11.01
134 11.23
135 11.34
136 11.29
137 11.63
138 11.51
139 11.51
140 11.80
141 11.69
142 11.86
143 11.98
144 11.86
145 12.17
146 12.10
147 12.17
148 12.35
149 12.23
150 12.54
151 12.54
152 12.54
153 12.80
154 12.54
155 12.73
156 12.93
157 12.80
158 13.13
159 13.06
160 13.06
161 13.40
162 13.19
163 13.33
164 13.47
165 13.40
166 13.68
167 13.61
168 13.61
169 13.89
170 13.82
171 13.89
172 14.03
173 14.03
174 14.25
175 14.03
176 14.18
177 14.55
178 14.33
179 14.55
180 14.55
181 14.55
182 14.78
183 14.63
184 14.78
185 15.18
186 14.94
187 15.10
188 15.02
189 15.18
190 15.34
191 15.10
192 15.34
193 15.67
194 15.50
195 15.67
196 15.58
197 15.67
198 15.92
199 15.92
200 15.92
201 16.26
202 16.09
203 16.26
204 16.00
205 16.17
206 16.52
207 16.44
208 16.52
209 16.44
210 16.61
211 16.79
212 16.70
213 16.79
214 17.07
215 16.89
216 17.07
217 16.98
218 17.07
219 17.35
220 17.26
221 17.26
222 17.44
223 17.44
224 17.64
225 17.64
226 17.64
227 17.83
228 17.83
229 17.83
230 17.73
231 18.03
232 18.13
233 18.13
234 18.13
235 18.33
236 18.43
237 18.43
238 18.43
239 18.64
240 18.64
241 18.64
242 18.74
243 18.84
244 18.74
245 19.06
246 19.06
247 19.06
248 19.06
249 19.16
250 19.27
251 19.38
252 19.38
253 19.49
254 19.60
255 19.49
STEP
0 0.71
1 1.03
2 0.49
3 0.38
4 0.39
5 0.44
6 0.52
7 0.60
8 0.69
9 0.78
10 0.88
11 0.98
12 1.07
13 1.16
14 1.27
15 1.35
16 1.45
17 1.55
18 1.63
19 1.73
20 1.83
21 1.90
22 2.00
23 2.11
24 2.18
25 2.28
26 2.39
27 2.45
28 2.56
29 2.65
30 2.73
31 2.83
32 2.94
33 2.99
34 3.09
35 3.21
36 3.26
37 3.35
38 3.47
39 3.52
40 3.63
41 3.73
42 3.77
43 3.88
44 3.96
45 4.00
46 4.15
47 4.23
48 4.23
49 4.40
50 4.49
51 4.53
52 4.67
53 4.74
54 4.76
55 4.91
56 4.98
57 5.00
58 5.17
59 5.25
60 5.28
61 5.41
62 5.48
63 5.51
64 5.67
65 5.73
66 5.73
67 5.89
68 5.98
69 5.95
70 6.15
71 6.18
72 6.18
73 6.39
74 6.46
75 6.46
76 6.61
77 6.67
78 6.67
79 6.87
80 6.90
81 6.90
82 7.10
83 7.14
84 7.14
85 7.31
86 7.34
87 7.38
88 7.59
89 7.59
90 7.59
91 7.81
92 7.81
93 7.85
94 8.04
95 8.04
96 8.04
97 8.27
98 8.23
99 8.27
100 8.47
101 8.39
102 8.56
103 8.72
104 8.68
105 8.89
106 8.89
107 8.85
108 9.06
109 9.02
110 9.11
111 9.33
112 9.15
113 9.38
114 9.51
115 9.47
116 9.70
117 9.65
118 9.65
119 9.84
120 9.79
121 9.94
122 10.08
123 10.03
124 10.23
125 10.28
126 10.23
127 10.48
128 10.38
129 10.53
130 10.69
131 10.59
132 10.90
133 10.80
134 10.85
135 11.06
136 10.90
137 11.12
138 11.23
139 11.17
140 11.45
141 11.34
142 11.45
143 11.63
144 11.51
145 11.74
146 11.74
147 11.74
148 12.04
149 11.80
150 11.98
151 12.16
152 12.10
153 12.28
154 12.28
155 12.34
156 12.59
157 12.34
158 12.59
159 12.66
160 12.59
161 12.85
162 12.79
163 12.85
164 13.25
165 12.98
166 13.18
167 13.25
168 13.18
169 13.45
170 13.31
171 13.45
172 13.52
173 13.59
174 13.66
175 13.80
176 13.73
177 13.94
178 13.80
179 14.01
180 14.09
181 14.09
182 14.23
183 14.23
184 14.31
185 14.53
186 14.38
187 14.53
188 14.68
189 14.61
190 14.76
191 14.76
192 14.91
193 15.07
194 14.99
195 14.99
196 15.15
197 15.23
198 15.39
199 15.31
200 15.31
201 15.55
202 15.55
203 15.63
204 15.63
205 15.63
206 15.88
207 15.72
208 15.88
209 16.14
210 16.05
211 16.23
212 16.14
213 16.23
214 16.40
215 16.40
216 16.40
217 16.67
218 16.49
219 16.67
220 16.49
221 16.76
222 16.94
223 16.85
224 16.94
225 17.12
226 17.03
227 17.21
228 17.03
229 17.21
230 17.40
231 17.31
232 17.50
233 17.31
234 17.50
235 17.59
236 17.69
237 17.88
238 17.88
239 17.88
240 17.88
241 17.98
242 18.18
243 18.18
244 18.28
245 18.28
246 18.38
247 18.28
248 18.49
249 18.49
250 18.49
251 18.69
252 18.69
253 18.69
254 18.80
255 18.90
STEP
0 0.71
1 1.18
2 0.52
3 0.41
4 0.40
5 0.46
6 0.52
7 0.60
8 0.70
9 0.78
10 0.87
11 0.97
12 1.07
13 1.14
14 1.26
15 1.35
16 1.43
17 1.53
18 1.64
19 1.69
20 1.82
21 1.91
22 1.97
23 2.08
24 2.18
25 2.24
26 2.37
27 2.45
28 2.49
29 2.62
30 2.71
31 2.77
32 2.89
33 2.97
34 3.02
35 3.15
36 3.23
37 3.26
38 3.42
39 3.49
40 3.49
41 3.67
42 3.75
43 3.80
44 3.92
45 4.00
46 4.04
47 4.16
48 4.24
49 4.28
50 4.43
51 4.47
52 4.52
53 4.67
54 4.70
55 4.77
56 4.93
57 4.95
58 5.00
59 5.17
60 5.17
61 5.22
62 5.40
63 5.40
64 5.48
65 5.66
66 5.66
67 5.72
68 5.88
69 5.88
70 5.96
71 6.11
72 6.08
73 6.19
74 6.31
75 6.34
76 6.43
77 6.55
78 6.52
79 6.65
80 6.81
81 6.77
82 6.84
83 7.03
84 7.00
85 7.07
86 7.24
87 7.20
88 7.30
89 7.44
90 7.41
91 7.51
92 7.69
93 7.62
94 7.77
95 7.91
96 7.84
97 7.99
98 8.14
99 8.03
100 8.22
101 8.34
102 8.26
103 8.50
104 8.50
105 8.46
106 8.66
107 8.70
108 8.74
109 8.91
110 8.83
111 9.00
112 9.08
113 9.08
114 9.30
115 9.26
116 9.26
117 9.44
118 9.44
119 9.53
120 9.71
121 9.53
122 9.81
123 9.90
124 9.76
125 10.09
126 10.00
127 10.09
128 10.24
129 10.14
130 10.34
131 10.44
132 10.39
133 10.59
134 10.49
135 10.59
136 10.75
137 10.75
138 10.96
139 10.91
140 10.96
141 11.18
142 10.96
143 11.18
144 11.34
145 11.29
146 11.45
147 11.45
148 11.45
149 11.74
150 11.51
151 11.74
152 11.80
153 11.80
154 12.03
155 11.92
156 12.03
157 12.15
158 12.09
159 12.28
160 12.40
161 12.28
162 12.65
163 12.40
164 12.59
165 12.78
166 12.71
167 12.84
168 12.84
169 12.84
170 13.10
171 12.91
172 13.10
173 13.17
174 13.24
175 13.37
176 13.37
177 13.37
178 13.64
179 13.58
180 13.64
181 13.71
182 13.71
183 13.85
184 13.85
185 13.85
186 14.14
187 14.07
188 14.14
189 14.14
190 14.21
191 14.51
192 14.29
193 14.44
194 14.66
195 14.51
196 14.74
197 14.74
198 14.66
199 14.97
200 14.89
201 14.89
202 15.13
203 15.05
204 15.13
205 15.20
206 15.28
207 15.45
208 15.36
209 15.45
210 15.69
211 15.53
212 15.69
213 15.53
214 15.77
215 15.94
216 15.86
217 15.94
218 16.20
219 16.03
220 16.20
221 16.11
222 16.28
223 16.37
224 16.37
225 16.46
226 16.37
227 16.46
228 16.63
229 16.63
230 16.81
231 16.90
232 16.81
233 17.00
234 17.00
235 17.00
236 17.18
237 17.09
238 17.27
239 17.00
240 17.37
241 17.46
242 17.46
243 17.56
244 17.56
245 17.56
246 17.65
247 17.75
248 17.85
249 17.95
250 17.85
251 17.95
252 17.85
253 18.04
254 18.24
255 18.24
STEP
0 0.71
1 0.51
2 0.34
3 0.32
4 0.36
5 0.43
6 0.51
7 0.59
8 0.69
9 0.78
10 0.87
11 0.96
12 1.06
13 1.15
14 1.24
15 1.35
16 1.43
17 1.52
18 1.62
19 1.71
20 1.81
21 1.90
22 1.97
23 2.06
24 2.16
25 2.24
26 2.33
27 2.42
28 2.51
29 2.59
30 2.69
31 2.75
32 2.82
33 2.95
34 3.01
35 3.09
36 3.18
37 3.25
38 3.33
39 3.45
40 3.49
41 3.60
42 3.69
43 3.74
44 3.84
45 3.95
46 3.99
47 4.11
48 4.19
49 4.23
50 4.31
51 4.44
52 4.42
53 4.55
54 4.66
55 4.68
56 4.79
57 4.91
58 4.91
59 5.02
60 5.12
61 5.10
62 5.24
63 5.34
64 5.32
65 5.49
66 5.57
67 5.57
68 5.70
69 5.81
70 5.76
71 5.92
72 6.03
73 5.98
74 6.15
75 6.26
76 6.18
77 6.38
78 6.47
79 6.41
80 6.59
81 6.68
82 6.62
83 6.81
84 6.91
85 6.91
86 7.04
87 7.13
88 7.10
89 7.27
90 7.34
91 7.30
92 7.47
93 7.54
94 7.51
95 7.65
96 7.72
97 7.72
98 7.90
99 7.94
100 7.90
101 8.09
102 8.13
103 8.13
104 8.32
105 8.28
106 8.40
107 8.56
108 8.48
109 8.68
110 8.72
111 8.64
112 8.89
113 8.89
114 8.93
115 9.06
116 9.02
117 9.14
118 9.27
119 9.23
120 9.41
121 9.45
122 9.41
123 9.59
124 9.59
125 9.68
126 9.82
127 9.68
128 9.91
129 10.01
130 9.91
131 10.25
132 10.10
133 10.15
134 10.40
135 10.20
136 10.45
137 10.55
138 10.45
139 10.81
140 10.65
141 10.70
142 10.86
143 10.81
144 11.02
145 11.02
146 10.97
147 11.29
148 11.13
149 11.18
150 11.40
151 11.35
152 11.57
153 11.57
154 11.51
155 11.80
156 11.63
157 11.80
158 11.86
159 11.80
160 12.09
161 11.97
162 12.03
163 12.40
164 12.21
165 12.27
166 12.40
167 12.27
168 12.52
169 12.52
170 12.58
171 12.71
172 12.64
173 12.77
174 12.90
175 12.83
176 13.09
177 12.96
178 13.03
179 13.23
180 13.16
181 13.36
182 13.29
183 13.29
184 13.56
185 13.36
186 13.63
187 13.70
188 13.63
189 13.84
190 13.77
191 13.77
192 14.06
193 13.98
194 14.06
195 14.13
196 14.13
197 14.27
198 14.20
199 14.35
200 14.57
201 14.42
202 14.57
203 14.57
204 14.64
205 14.80
206 14.64
207 14.80
208 15.03
209 14.87
210 15.03
211 14.95
212 15.11
213 15.26
214 15.18
215 15.26
216 15.51
217 15.42
218 15.51
219 15.42
220 15.59
221 15.83
222 15.75
223 15.83
224 16.00
225 15.92
226 15.92
227 15.83
228 16.09
229 16.17
230 16.17
231 16.26
232 16.43
233 16.35
234 16.43
235 16.43
236 16.52
237 16.61
238 16.61
239 16.70
240 16.61
241 16.79
242 16.88
243 16.88
244 16.97
245 17.06
246 17.15
247 17.15
248 17.25
249 17.34
250 17.34
251 17.43
252 17.43
253 17.25
254 17.53
255 17.53
STEP
0 0.72
1 0.87
2 0.45
3 0.37
4 0.39
5 0.44
6 0.52
7 0.60
8 0.69
9 0.79
10 0.88
11 0.96
12 1.05
13 1.16
14 1.24
15 1.33
16 1.43
17 1.52
18 1.60
19 1.71
20 1.78
21 1.85
22 1.96
23 2.05
24 2.09
25 2.23
26 2.31
27 2.37
28 2.48
29 2.56
30 2.63
31 2.76
32 2.80
33 2.86
34 2.98
35 3.05
36 3.13
37 3.24
38 3.30
39 3.35
40 3.47
41 3.52
42 3.60
43 3.72
44 3.76
45 3.83
46 3.96
47 4.00
48 4.08
49 4.20
50 4.22
51 4.34
52 4.42
53 4.42
54 4.57
55 4.66
56 4.66
57 4.82
58 4.88
59 4.86
60 5.02
61 5.12
62 5.09
63 5.26
64 5.34
65 5.31
66 5.49
67 5.54
68 5.54
69 5.69
70 5.75
71 5.75
72 5.91
73 5.99
74 5.93
75 6.13
76 6.19
77 6.16
78 6.33
79 6.42
80 6.33
81 6.57
82 6.63
83 6.54
84 6.75
85 6.84
86 6.75
87 7.00
88 7.04
89 6.94
90 7.20
91 7.27
92 7.20
93 7.40
94 7.44
95 7.37
96 7.61
97 7.64
98 7.61
99 7.82
100 7.82
101 7.79
102 7.97
103 8.04
104 8.01
105 8.23
106 8.12
107 8.27
108 8.35
109 8.35
110 8.54
111 8.54
112 8.50
113 8.70
114 8.66
115 8.74
116 8.91
117 8.83
118 8.99
119 9.12
120 9.03
121 9.29
122 9.25
123 9.25
124 9.42
125 9.34
126 9.42
127 9.60
128 9.47
129 9.74
130 9.79
131 9.69
132 9.97
133 9.97
134 9.97
135 10.12
136 10.07
137 10.16
138 10.36
139 10.31
140 10.51
141 10.46
142 10.41
143 10.61
144 10.56
145 10.71
146 10.82
147 10.76
148 11.03
149 10.87
150 10.97
151 11.13
152 11.08
153 11.19
154 11.30
155 11.30
156 11.52
157 11.35
158 11.46
159 11.57
160 11.52
161 11.74
162 11.74
163 11.74
164 12.03
165 11.80
166 11.97
167 12.15
168 12.09
169 12.27
170 12.21
171 12.15
172 12.45
173 12.33
174 12.52
175 12.52
176 12.58
177 12.70
178 12.64
179 12.70
180 13.02
181 12.89
182 12.96
183 12.96
184 13.02
185 13.22
186 13.02
187 13.15
188 13.49
189 13.29
190 13.42
191 13.42
192 13.49
193 13.69
194 13.56
195 13.69
196 13.97
197 13.76
198 13.90
199 13.90
200 13.97
201 14.12
202 14.12
203 14.19
204 14.33
205 14.19
206 14.41
207 14.33
208 14.41
209 14.63
210 14.48
211 14.56
212 14.56
213 14.71
214 14.86
215 14.71
216 14.86
217 15.01
218 15.01
219 15.09
220 15.01
221 15.17
222 15.33
223 15.25
224 15.25
225 15.49
226 15.41
227 15.57
228 15.41
229 15.57
230 15.65
231 15.82
232 15.73
233 15.90
234 15.82
235 15.90
236 15.82
237 15.98
238 16.15
239 16.15
240 16.24
241 16.24
242 16.33
243 16.41
244 16.50
245 16.41
246 16.59
247 16.59
248 16.59
249 16.50
250 16.77
251 16.77
252 16.77
253 16.86
254 17.04
255 16.95
STEP
0 0.72
1 1.23
2 0.55
3 0.42
4 0.42
5 0.47
6 0.54
7 0.62
8 0.71
9 0.79
10 0.87
11 0.97
12 1.06
13 1.14
14 1.25
15 1.34
16 1.41
17 1.52
18 1.60
19 1.66
20 1.77
21 1.87
22 1.93
23 2.03
24 2.12
25 2.19
26 2.29
27 2.38
28 2.44
29 2.53
30 2.63
31 2.69
32 2.77
33 2.87
34 2.90
35 3.01
36 3.12
37 3.13
38 3.26
39 3.36
40 3.36
41 3.49
42 3.58
43 3.58
44 3.72
45 3.81
46 3.81
47 3.96
48 4.03
49 4.05
50 4.19
51 4.25
52 4.29
53 4.41
54 4.47
55 4.49
56 4.64
57 4.68
58 4.71
59 4.86
60 4.91
61 4.93
62 5.09
63 5.11
64 5.16
65 5.30
66 5.33
67 5.35
68 5.53
69 5.55
70 5.55
71 5.73
72 5.73
73 5.76
74 5.92
75 5.95
76 5.97
77 6.14
78 6.14
79 6.17
80 6.34
81 6.37
82 6.37
83 6.57
84 6.57
85 6.57
86 6.75
87 6.72
88 6.78
89 6.97
90 6.94
91 6.97
92 7.17
93 7.17
94 7.17
95 7.36
96 7.33
97 7.40
98 7.53
99 7.47
100 7.57
101 7.74
102 7.67
103 7.85
104 7.92
105 7.89
106 8.11
107 8.11
108 8.03
109 8.26
110 8.22
111 8.26
112 8.45
113 8.33
114 8.57
115 8.65
116 8.53
117 8.81
118 8.77
119 8.77
120 8.93
121 8.85
122 8.97
123 9.10
124 9.05
125 9.22
126 9.27
127 9.27
128 9.49
129 9.40
130 9.40
131 9.62
132 9.53
133 9.62
134 9.85
135 9.71
136 9.89
137 10.04
138 9.94
139 10.13
140 10.08
141 10.08
142 10.32
143 10.23
144 10.42
145 10.47
146 10.37
147 10.67
148 10.52
149 10.67
150 10.72
151 10.72
152 10.83
153 10.88
154 10.88
155 11.14
156 10.98
157 11.09
158 11.19
159 11.14
160 11.36
161 11.36
162 11.36
163 11.69
164 11.41
165 11.58
166 11.69
167 11.69
168 11.86
169 11.75
170 11.80
171 12.15
172 11.92
173 12.09
174 12.15
175 12.09
176 12.33
177 12.15
178 12.33
179 12.39
180 12.39
181 12.52
182 12.58
183 12.64
184 12.77
185 12.58
186 12.83
187 12.89
188 12.89
189 13.02
190 13.02
191 13.02
192 13.22
193 13.15
194 13.22
195 13.28
196 13.35
197 13.42
198 13.35
199 13.42
200 13.69
201 13.55
202 13.62
203 13.69
204 13.76
205 13.90
206 13.76
207 13.90
208 14.04
209 13.97
210 14.11
211 14.04
212 14.18
213 14.33
214 14.33
215 14.33
216 14.55
217 14.40
218 14.62
219 14.47
220 14.62
221 14.77
222 14.77
223 14.85
224 14.93
225 14.93
226 15.00
227 14.85
228 15.00
229 15.16
230 15.16
231 15.24
232 15.40
233 15.32
234 15.40
235 15.48
236 15.48
237 15.56
238 15.64
239 15.64
240 15.72
241 15.72
242 15.80
243 15.80
244 15.89
245 15.89
246 15.97
247 16.06
248 15.89
249 16.06
250 16.14
251 16.31
252 16.31
253 16.40
254 16.40
255 16.40
STEP
0 0.72
1 0.95
2 0.48
3 0.40
4 0.41
5 0.46
6 0.53
7 0.61
8 0.69
9 0.78
10 0.88
11 0.97
12 1.04
13 1.15
14 1.24
15 1.31
16 1.42
17 1.50
18 1.57
19 1.67
20 1.77
21 1.82
22 1.93
23 2.01
24 2.07
25 2.18
26 2.26
27 2.31
28 2.43
29 2.52
30 2.56
31 2.68
32 2.75
33 2.78
34 2.90
35 2.98
36 3.01
37 3.15
38 3.21
39 3.25
40 3.37
41 3.44
42 3.46
43 3.61
44 3.66
45 3.70
46 3.82
47 3.89
48 3.91
49 4.06
50 4.10
51 4.14
52 4.26
53 4.31
54 4.35
55 4.52
56 4.52
57 4.56
58 4.71
59 4.73
60 4.77
61 4.93
62 4.93
63 4.97
64 5.13
65 5.13
66 5.20
67 5.32
68 5.35
69 5.40
70 5.54
71 5.54
72 5.62
73 5.75
74 5.72
75 5.83
76 5.93
77 5.93
78 6.01
79 6.12
80 6.15
81 6.23
82 6.35
83 6.29
84 6.40
85 6.55
86 6.49
87 6.61
88 6.76
89 6.70
90 6.79
91 6.94
92 6.88
93 7.04
94 7.13
95 7.04
96 7.23
97 7.29
98 7.23
99 7.39
100 7.50
101 7.46
102 7.63
103 7.63
104 7.63
105 7.81
106 7.81
107 7.81
108 7.99
109 7.91
110 8.02
111 8.17
112 8.13
113 8.28
114 8.32
115 8.28
116 8.47
117 8.43
118 8.47
119 8.63
120 8.55
121 8.71
122 8.83
123 8.79
124 8.99
125 8.95
126 8.99
127 9.16
128 9.08
129 9.12
130 9.33
131 9.20
132 9.37
133 9.46
134 9.42
135 9.59
136 9.68
137 9.59
138 9.86
139 9.73
140 9.77
141 9.96
142 9.91
143 10.00
144 10.10
145 10.05
146 10.29
147 10.24
148 10.24
149 10.39
150 10.29
151 10.43
152 10.58
153 10.53
154 10.73
155 10.63
156 10.73
157 10.84
158 10.84
159 10.94
160 10.99
161 10.99
162 11.26
163 11.10
164 11.20
165 11.31
166 11.26
167 11.42
168 11.47
169 11.36
170 11.64
171 11.47
172 11.58
173 11.75
174 11.75
175 11.87
176 11.87
177 11.87
178 12.16
179 11.98
180 12.04
181 12.16
182 12.16
183 12.28
184 12.28
185 12.34
186 12.52
187 12.40
188 12.52
189 12.58
190 12.58
191 12.71
192 12.58
193 12.77
194 12.96
195 12.89
196 13.02
197 12.96
198 13.02
199 13.15
200 13.22
201 13.15
202 13.42
203 13.28
204 13.35
205 13.28
206 13.42
207 13.62
208 13.55
209 13.62
210 13.62
211 13.69
212 13.89
213 13.76
214 13.89
215 13.96
216 13.96
217 14.04
218 14.04
219 14.11
220 14.25
221 14.25
222 14.25
223 14.47
224 14.32
225 14.40
226 14.40
227 14.54
228 14.62
229 14.62
230 14.69
231 14.77
232 14.77
233 14.77
234 14.77
235 14.92
236 15.00
237 15.07
238 15.07
239 15.15
240 15.15
241 15.23
242 15.31
243 15.31
244 15.47
245 15.47
246 15.47
247 15.55
248 15.55
249 15.71
250 15.63
251 15.71
252 15.80
253 15.88
254 15.80
255 15.96
STEP
0 0.73
1 0.68
2 0.42
3 0.36
4 0.39
5 0.45
6 0.53
7 0.61
8 0.70
9 0.79
10 0.88
11 0.96
12 1.06
13 1.14
14 1.22
15 1.32
16 1.41
17 1.49
18 1.58
19 1.66
20 1.74
21 1.84
22 1.92
23 1.97
24 2.08
25 2.17
26 2.22
27 2.32
28 2.40
29 2.47
30 2.56
31 2.64
32 2.68
33 2.79
34 2.88
35 2.90
36 3.01
37 3.10
38 3.14
39 3.23
40 3.33
41 3.34
42 3.46
43 3.56
44 3.54
45 3.69
46 3.75
47 3.75
48 3.91
49 3.96
50 4.00
51 4.13
52 4.19
53 4.20
54 4.34
55 4.38
56 4.42
57 4.54
58 4.58
59 4.61
60 4.75
61 4.80
62 4.82
63 4.97
64 4.99
65 5.02
66 5.15
67 5.18
68 5.22
69 5.36
70 5.39
71 5.41
72 5.56
73 5.58
74 5.61
75 5.76
76 5.76
77 5.81
78 5.94
79 5.94
80 6.02
81 6.16
82 6.13
83 6.19
84 6.35
85 6.32
86 6.38
87 6.52
88 6.52
89 6.58
90 6.70
91 6.70
92 6.76
93 6.91
94 6.85
95 6.94
96 7.10
97 7.01
98 7.13
99 7.29
100 7.20
101 7.36
102 7.46
103 7.39
104 7.56
105 7.59
106 7.56
107 7.73
108 7.76
109 7.73
110 7.90
111 7.87
112 7.98
113 8.12
114 7.98
115 8.19
116 8.27
117 8.23
118 8.42
119 8.38
120 8.38
121 8.53
122 8.46
123 8.61
124 8.73
125 8.65
126 8.85
127 8.89
128 8.81
129 9.10
130 9.01
131 9.05
132 9.14
133 9.05
134 9.22
135 9.35
136 9.31
137 9.52
138 9.52
139 9.44
140 9.66
141 9.66
142 9.66
143 9.88
144 9.74
145 9.79
146 9.97
147 9.93
148 10.02
149 10.11
150 10.07
151 10.25
152 10.21
153 10.30
154 10.40
155 10.40
156 10.45
157 10.55
158 10.50
159 10.75
160 10.65
161 10.75
162 10.80
163 10.85
164 10.95
165 10.95
166 10.95
167 11.16
168 11.00
169 11.16
170 11.27
171 11.27
172 11.37
173 11.37
174 11.37
175 11.65
176 11.54
177 11.59
178 11.65
179 11.65
180 11.82
181 11.71
182 11.82
183 12.05
184 11.93
185 12.05
186 11.99
187 12.05
188 12.28
189 12.11
190 12.22
191 12.40
192 12.40
193 12.40
194 12.46
195 12.46
196 12.65
197 12.65
198 12.65
199 12.84
200 12.77
201 12.90
202 12.77
203 12.84
204 13.03
205 13.03
206 13.16
207 13.03
208 13.16
209 13.22
210 13.22
211 13.29
212 13.49
213 13.42
214 13.49
215 13.42
216 13.55
217 13.62
218 13.69
219 13.76
220 13.90
221 13.83
222 13.83
223 13.76
224 13.90
225 14.04
226 14.04
227 14.11
228 14.25
229 14.18
230 14.25
231 14.11
232 14.32
233 14.47
234 14.47
235 14.47
236 14.62
237 14.62
238 14.62
239 14.69
240 14.69
241 14.84
242 14.84
243 14.84
244 14.92
245 14.92
246 15.07
247 15.07
248 15.15
249 15.15
250 15.23
251 15.23
252 15.31
253 15.39
254 15.39
255 15.31
STEP
0 0.73
1 0.55
2 0.36
3 0.34
4 0.38
5 0.45
6 0.52
7 0.61
8 0.71
9 0.79
10 0.87
11 0.96
12 1.06
13 1.14
14 1.23
15 1.32
16 1.41
17 1.50
18 1.58
19 1.66
20 1.73
21 1.82
22 1.89
23 1.97
24 2.07
25 2.14
26 2.20
27 2.31
28 2.37
29 2.43
30 2.53
31 2.61
32 2.66
33 2.77
34 2.83
35 2.88
36 2.98
37 3.04
38 3.10
39 3.21
40 3.27
41 3.33
42 3.43
43 3.46
44 3.56
45 3.66
46 3.67
47 3.78
48 3.85
49 3.86
50 3.99
51 4.06
52 4.08
53 4.21
54 4.29
55 4.27
56 4.39
57 4.47
58 4.47
59 4.57
60 4.69
61 4.65
62 4.82
63 4.88
64 4.86
65 4.97
66 5.08
67 5.04
68 5.22
69 5.26
70 5.22
71 5.38
72 5.45
73 5.43
74 5.57
75 5.62
76 5.60
77 5.75
78 5.83
79 5.77
80 5.95
81 6.01
82 5.93
83 6.14
84 6.22
85 6.11
86 6.33
87 6.39
88 6.33
89 6.53
90 6.56
91 6.50
92 6.65
93 6.76
94 6.71
95 6.82
96 6.88
97 6.85
98 7.04
99 7.07
100 7.04
101 7.20
102 7.23
103 7.23
104 7.39
105 7.36
106 7.42
107 7.55
108 7.45
109 7.66
110 7.69
111 7.69
112 7.90
113 7.86
114 7.86
115 8.00
116 8.00
117 8.08
118 8.18
119 8.08
120 8.26
121 8.33
122 8.29
123 8.52
124 8.48
125 8.48
126 8.60
127 8.56
128 8.68
129 8.79
130 8.75
131 8.91
132 8.91
133 8.87
134 9.12
135 9.08
136 9.08
137 9.24
138 9.16
139 9.24
140 9.41
141 9.28
142 9.46
143 9.54
144 9.46
145 9.67
146 9.67
147 9.63
148 9.85
149 9.85
150 9.76
151 10.08
152 9.94
153 10.04
154 10.13
155 10.08
156 10.27
157 10.27
158 10.27
159 10.51
160 10.41
161 10.46
162 10.51
163 10.46
164 10.66
165 10.56
166 10.71
167 10.76
168 10.76
169 10.91
170 10.91
171 10.96
172 11.17
173 11.02
174 11.12
175 11.17
176 11.17
177 11.28
178 11.33
179 11.33
180 11.55
181 11.44
182 11.49
183 11.60
184 11.60
185 11.66
186 11.72
187 11.72
188 11.94
189 11.89
190 11.94
191 11.94
192 11.94
193 12.12
194 12.00
195 12.12
196 12.35
197 12.23
198 12.35
199 12.35
200 12.41
201 12.53
202 12.53
203 12.53
204 12.66
205 12.66
206 12.78
207 12.59
208 12.72
209 12.97
210 12.84
211 12.91
212 12.91
213 13.03
214 13.16
215 13.16
216 13.16
217 13.29
218 13.23
219 13.29
220 13.23
221 13.36
222 13.56
223 13.56
224 13.56
225 13.69
226 13.63
227 13.76
228 13.63
229 13.76
230 13.90
231 13.83
232 13.90
233 14.04
234 13.97
235 14.11
236 14.11
237 14.11
238 14.18
239 14.26
240 14.26
241 14.33
242 14.40
243 14.40
244 14.47
245 14.47
246 14.62
247 14.55
248 14.62
249 14.70
250 14.77
251 14.77
252 14.77
253 14.85
254 15.00
255 14.92
STEP
0 0.73
1 0.37
2 0.30
3 0.31
4 0.37
5 0.44
6 0.53
7 0.62
8 0.70
9 0.79
10 0.86
11 0.97
12 1.06
13 1.14
14 1.24
15 1.31
16 1.38
17 1.48
18 1.57
19 1.64
20 1.73
21 1.81
22 1.87
23 1.96
24 2.04
25 2.11
26 2.19
27 2.29
28 2.35
29 2.43
30 2.51
31 2.56
32 2.65
33 2.73
34 2.77
35 2.86
36 2.95
37 2.98
38 3.09
39 3.17
40 3.18
41 3.29
42 3.38
43 3.38
44 3.51
45 3.60
46 3.59
47 3.72
48 3.77
49 3.81
50 3.93
51 3.98
52 4.02
53 4.15
54 4.18
55 4.20
56 4.33
57 4.39
58 4.41
59 4.55
60 4.57
61 4.59
62 4.71
63 4.76
64 4.78
65 4.95
66 4.95
67 4.97
68 5.10
69 5.12
70 5.15
71 5.31
72 5.31
73 5.33
74 5.47
75 5.49
76 5.52
77 5.64
78 5.66
79 5.69
80 5.84
81 5.84
82 5.86
83 6.02
84 6.02
85 6.07
86 6.20
87 6.18
88 6.23
89 6.37
90 6.37
91 6.40
92 6.54
93 6.51
94 6.62
95 6.74
96 6.68
97 6.77
98 6.92
99 6.83
100 6.95
101 7.04
102 6.98
103 7.16
104 7.23
105 7.16
106 7.32
107 7.32
108 7.32
109 7.52
110 7.45
111 7.55
112 7.68
113 7.58
114 7.75
115 7.82
116 7.79
117 8.00
118 7.96
119 7.92
120 8.14
121 8.10
122 8.14
123 8.28
124 8.17
125 8.32
126 8.43
127 8.36
128 8.58
129 8.55
130 8.51
131 8.66
132 8.66
133 8.70
134 8.86
135 8.74
136 8.94
137 9.02
138 8.94
139 9.14
140 9.14
141 9.10
142 9.31
143 9.26
144 9.31
145 9.39
146 9.35
147 9.43
148 9.56
149 9.52
150 9.65
151 9.69
152 9.69
153 9.83
154 9.83
155 9.83
156 10.01
157 9.87
158 10.01
159 10.15
160 10.05
161 10.19
162 10.19
163 10.24
164 10.43
165 10.34
166 10.38
167 10.48
168 10.53
169 10.63
170 10.58
171 10.63
172 10.83
173 10.73
174 10.83
175 10.88
176 10.88
177 11.03
178 10.98
179 10.98
180 11.29
181 11.13
182 11.24
183 11.24
184 11.24
185 11.40
186 11.35
187 11.45
188 11.62
189 11.51
190 11.62
191 11.62
192 11.67
193 11.84
194 11.78
195 11.78
196 11.90
197 11.84
198 12.01
199 12.01
200 12.01
201 12.19
202 12.07
203 12.19
204 12.24
205 12.24
206 12.42
207 12.24
208 12.36
209 12.60
210 12.54
211 12.67
212 12.60
213 12.67
214 12.79
215 12.73
216 12.79
217 12.98
218 12.85
219 13.04
220 12.85
221 13.04
222 13.17
223 13.11
224 13.17
225 13.30
226 13.30
227 13.30
228 13.17
229 13.43
230 13.50
231 13.37
232 13.50
233 13.63
234 13.63
235 13.70
236 13.77
237 13.70
238 13.84
239 13.84
240 13.91
241 13.77
242 13.91
243 13.98
244 14.05
245 14.05
246 14.12
247 14.12
248 14.19
249 14.26
250 14.34
251 14.34
252 14.41
253 14.41
254 14.48
255 14.48