0	0.00
1	0.02
2	0.11
3	0.26
4	0.43
5	0.61
6	0.81
7	1.01
8	1.21
9	1.43
10	1.64
11	1.86
12	2.11
13	2.36
14	2.59
15	2.82
16	3.07
17	3.34
18	3.58
19	3.82
20	4.08
21	4.37
22	4.62
23	4.87
24	5.13
25	5.40
26	5.66
27	5.91
28	6.19
29	6.47
30	6.76
31	6.95
32	7.22
33	7.52
34	7.81
35	8.00
36	8.28
37	8.58
38	8.90
39	9.05
40	9.32
41	9.63
42	9.97
43	10.16
44	10.34
45	10.64
46	11.01
47	11.24
48	11.44
49	11.65
50	12.01
51	12.38
52	12.50
53	12.74
54	13.00
55	13.37
56	13.67
57	13.76
58	14.00
59	14.35
60	14.74
61	14.87
62	15.11
63	15.32
64	15.75
65	16.04
66	16.14
67	16.31
68	16.69
69	17.15
70	17.25
71	17.50
72	17.65
73	18.09
74	18.50
75	18.46
76	18.70
77	18.99
78	19.46
79	19.65
80	19.72
81	19.96
82	20.50
83	20.83
84	20.84
85	21.03
86	21.31
87	21.92
88	22.03
89	22.03
90	22.29
91	22.93
92	23.22
93	23.26
94	23.24
95	23.77
96	24.29
97	24.31
98	24.35
99	24.51
100	25.22
101	25.60
102	25.52
103	25.59
104	25.85
105	26.66
106	26.92
107	26.80
108	26.85
109	27.24
110	27.84
111	28.17
112	28.06
113	28.17
114	28.49
115	29.26
116	29.43
117	29.33
118	29.43
119	29.93
120	30.50
121	30.64
122	30.60
123	30.72
124	31.14
125	31.89
126	32.00
127	31.87
128	31.87
129	32.57
130	33.16
131	33.30
132	33.14
133	33.27
134	33.77
135	34.47
136	34.59
137	34.38
138	34.45
139	35.04
140	35.73
141	36.12
142	35.80
143	35.83
144	36.24
145	37.04
146	37.45
147	37.07
148	37.12
149	37.63
150	38.29
151	38.74
152	38.37
153	38.26
154	38.82
155	39.58
156	40.03
157	39.80
158	39.64
159	40.06
160	40.85
161	41.37
162	41.02
163	40.82
164	41.43
165	42.05
166	42.68
167	42.41
168	42.14
169	42.77
170	43.36
171	43.92
172	43.89
173	43.23
174	43.92
175	44.52
176	45.27
177	45.14
178	44.81
179	45.34
180	45.80
181	46.57
182	46.47
183	46.00
184	46.57
185	46.92
186	47.82
187	47.89
188	47.12
189	47.78
190	48.21
191	49.15
192	49.22
193	48.64
194	49.26
195	49.37
196	50.26
197	50.49
198	49.77
199	50.18
200	50.56
201	51.79
202	51.79
203	50.87
204	51.60
205	51.95
206	53.03
207	52.99
208	52.43
209	52.78
210	53.19
211	54.17
212	53.80
213	53.60
214	54.38
215	54.59
216	55.40
217	55.05
218	55.05
219	55.10
220	56.04
221	56.48
222	56.26
223	56.35
224	56.79
225	57.28
226	57.77
227	57.50
228	57.59
229	57.86
230	58.78
231	58.92
232	58.41
233	59.15
234	59.34
235	60.00
236	60.05
237	59.91
238	60.34
239	60.43
240	61.01
241	61.26
242	61.16
243	61.41
244	61.60
245	62.20
246	62.35
247	62.20
248	62.96
249	63.11
250	63.26
251	63.47
252	63.72
253	63.93
254	64.19
255	64.45
254	64.09
253	63.98
252	63.72
251	63.47
250	63.31
249	62.75
248	62.90
247	62.30
246	62.45
245	62.15
244	61.46
243	61.36
242	61.21
241	61.31
240	60.82
239	60.43
238	60.15
237	59.95
236	60.05
235	59.72
234	59.20
233	59.01
232	58.41
231	58.78
230	58.46
229	57.59
228	57.55
227	57.59
226	57.59
225	56.79
224	56.70
223	56.39
222	56.44
221	56.30
220	55.40
219	55.27
218	55.22
217	55.31
216	55.05
215	54.13
214	53.80
213	53.76
212	54.38
211	53.84
210	52.54
209	52.66
208	52.58
207	53.11
206	52.58
205	51.44
204	51.52
203	51.25
202	51.68
201	50.87
200	49.96
199	50.07
198	50.37
197	50.45
196	49.33
195	48.86
194	49.18
193	49.26
192	49.04
191	48.21
190	47.40
189	47.71
188	48.03
187	47.78
186	46.95
185	46.17
184	46.20
183	46.71
182	46.64
181	45.67
180	44.81
179	44.98
178	45.21
177	45.24
176	44.17
175	43.64
174	43.79
173	43.89
172	43.95
171	42.93
170	42.56
169	42.50
168	42.71
167	42.80
166	41.64
165	40.99
164	41.37
163	41.58
162	41.49
161	40.39
160	39.80
159	39.86
158	40.08
157	39.92
156	39.15
155	38.47
154	38.63
153	38.77
152	38.71
151	37.84
150	37.20
149	37.20
148	37.32
147	37.53
146	36.52
145	35.97
144	35.95
143	36.10
142	35.97
141	35.27
140	34.78
139	34.68
138	34.82
137	34.68
136	34.04
135	33.50
134	33.45
133	33.56
132	33.45
131	32.70
130	32.17
129	32.00
128	32.29
127	32.19
126	31.49
125	31.04
124	30.82
123	31.00
122	30.84
121	30.08
120	29.64
119	29.64
118	29.70
117	29.45
116	28.70
115	28.37
114	28.40
113	28.53
112	28.04
111	27.44
110	27.14
109	27.30
108	27.18
107	26.75
106	26.11
105	25.85
104	26.03
103	25.86
102	25.32
101	24.89
100	24.57
99	24.74
98	24.47
97	24.02
96	23.56
95	23.61
94	23.49
93	23.07
92	22.52
91	22.30
90	22.48
89	21.99
88	21.66
87	21.33
86	21.33
85	21.20
84	20.64
83	20.25
82	20.22
81	20.11
80	19.66
79	19.32
78	18.99
77	19.00
76	18.74
75	18.34
74	17.95
73	17.94
72	17.77
71	17.38
70	17.01
69	16.77
68	16.71
67	16.46
66	16.04
65	15.77
64	15.57
63	15.48
62	15.03
61	14.72
60	14.48
59	14.40
58	14.00
57	13.77
56	13.43
55	13.29
54	13.15
53	12.70
52	12.45
51	12.20
50	12.10
49	11.75
48	11.44
47	11.17
46	10.99
45	10.72
44	10.42
43	10.16
42	9.95
41	9.77
40	9.44
39	9.17
38	8.92
37	8.75
36	8.40
35	8.13
34	7.92
33	7.70
32	7.38
31	7.12
30	6.90
29	6.68
28	6.36
27	6.11
26	5.89
25	5.68
24	5.39
23	5.12
22	4.89
21	4.67
20	4.40
19	4.13
18	3.89
17	3.68
16	3.42
15	3.17
14	2.93
13	2.71
12	2.46
11	2.22
10	1.98
9	1.77
8	1.52
7	1.30
6	1.10
5	0.88
4	0.67
3	0.48
2	0.31
1	0.15
STEP
0	0.00
1	0.04
2	0.16
3	0.33
4	0.52
5	0.74
6	0.95
7	1.16
8	1.40
9	1.63
10	1.86
11	2.09
12	2.34
13	2.59
14	2.81
15	3.05
16	3.31
17	3.57
18	3.79
19	4.03
20	4.29
21	4.57
22	4.79
23	5.03
24	5.29
25	5.55
26	5.77
27	6.03
28	6.27
29	6.57
30	6.81
31	7.02
32	7.27
33	7.57
34	7.81
35	8.02
36	8.28
37	8.60
38	8.83
39	9.02
40	9.28
41	9.61
42	9.84
43	10.07
44	10.29
45	10.64
46	10.95
47	11.10
48	11.33
49	11.61
50	11.99
51	12.14
52	12.38
53	12.56
54	12.90
55	13.25
56	13.41
57	13.60
58	13.86
59	14.25
60	14.50
61	14.59
62	14.86
63	15.19
64	15.56
65	15.68
66	15.89
67	16.11
68	16.63
69	16.81
70	16.99
71	17.09
72	17.43
73	17.91
74	18.03
75	18.17
76	18.39
77	18.89
78	19.15
79	19.26
80	19.43
81	19.70
82	20.23
83	20.29
84	20.43
85	20.69
86	21.17
87	21.54
88	21.58
89	21.58
90	22.07
91	22.61
92	22.54
93	22.69
94	22.83
95	23.53
96	23.77
97	23.83
98	23.91
99	24.43
100	24.84
101	25.04
102	24.93
103	25.12
104	25.86
105	26.19
106	26.14
107	26.17
108	26.40
109	27.12
110	27.45
111	27.48
112	27.43
113	27.64
114	28.47
115	28.72
116	28.76
117	28.71
118	29.06
119	29.67
120	30.04
121	29.98
122	29.82
123	30.37
124	31.01
125	31.32
126	31.07
127	31.09
128	31.59
129	32.22
130	32.56
131	32.30
132	32.41
133	32.84
134	33.71
135	33.96
136	33.50
137	33.55
138	34.00
139	34.93
140	35.28
141	34.97
142	34.86
143	35.35
144	36.15
145	36.60
146	36.20
147	36.11
148	36.55
149	37.21
150	37.90
151	37.62
152	37.36
153	37.75
154	38.48
155	39.24
156	38.91
157	38.64
158	39.07
159	39.73
160	40.35
161	40.35
162	39.84
163	40.29
164	40.92
165	41.65
166	41.62
167	41.38
168	41.73
169	42.18
170	42.78
171	42.91
172	42.51
173	42.88
174	43.34
175	44.09
176	44.15
177	43.74
178	44.09
179	44.76
180	45.55
181	45.38
182	44.99
183	45.61
184	45.91
185	46.79
186	46.96
187	46.25
188	46.76
189	47.24
190	48.05
191	48.23
192	47.63
193	47.94
194	48.30
195	49.20
196	49.46
197	48.80
198	49.13
199	49.42
200	50.66
201	50.66
202	49.79
203	50.58
204	50.92
205	51.93
206	51.46
207	51.39
208	51.85
209	52.37
210	53.09
211	52.65
212	52.85
213	52.93
214	53.54
215	54.20
216	53.99
217	54.03
218	54.24
219	54.95
220	55.38
221	54.78
222	55.17
223	55.51
224	56.20
225	56.46
226	55.90
227	56.42
228	57.13
229	57.67
230	57.71
231	57.67
232	57.94
233	57.89
234	58.77
235	58.95
236	58.35
237	59.09
238	59.28
239	59.85
240	59.99
241	59.94
242	60.23
243	60.81
244	60.95
245	61.15
246	61.30
247	61.59
248	61.59
249	62.09
250	62.24
251	62.09
252	62.79
253	62.90
254	63.10
255	63.36
254	63.10
253	62.84
252	62.84
251	62.44
250	61.84
249	62.04
248	61.89
247	61.69
246	61.39
245	61.10
244	60.52
243	60.47
242	60.52
241	60.23
240	59.56
239	59.47
238	59.23
237	59.52
236	59.05
235	58.12
234	58.35
233	58.17
232	58.26
231	57.44
230	57.40
229	56.86
228	56.99
227	56.99
226	55.94
225	55.85
224	55.72
223	56.07
222	55.68
221	54.74
220	54.49
219	54.62
218	54.91
217	54.41
216	53.29
215	53.62
214	53.37
213	53.78
212	53.29
211	52.05
210	52.17
209	52.05
208	52.49
207	51.74
206	51.00
205	51.04
204	51.08
203	51.15
202	50.16
201	49.57
200	49.90
199	49.90
198	49.90
197	48.95
196	48.44
195	48.48
194	48.62
193	48.62
192	47.70
191	47.24
190	47.24
189	47.49
188	47.42
187	46.22
186	45.75
185	46.01
184	46.22
183	46.15
182	44.92
181	44.57
180	44.63
179	45.02
178	44.92
177	43.74
176	43.28
175	43.40
174	43.81
173	43.65
172	42.57
171	42.18
170	42.24
169	42.39
168	42.30
167	41.24
166	40.92
165	40.72
164	41.18
163	41.12
162	40.09
161	39.51
160	39.62
159	39.90
158	39.82
157	38.80
156	38.06
155	38.19
154	38.64
153	38.59
152	37.51
151	36.90
150	36.95
149	37.23
148	37.15
147	36.38
146	35.81
145	35.67
144	36.03
143	35.88
142	35.07
141	34.60
140	34.34
139	34.76
138	34.60
137	33.80
136	33.28
135	33.11
134	33.42
133	33.26
132	32.58
131	32.05
130	31.86
129	32.15
128	31.94
127	31.17
126	30.75
125	30.71
124	30.89
123	30.51
122	29.94
121	29.57
120	29.55
119	29.69
118	29.17
117	28.60
116	28.28
115	28.39
114	28.36
113	27.92
112	27.41
111	26.98
110	27.20
109	27.10
108	26.49
107	26.04
106	25.83
105	25.96
104	25.84
103	25.33
102	24.75
101	24.53
100	24.76
99	24.55
98	23.97
97	23.49
96	23.59
95	23.47
94	23.04
93	22.48
92	22.32
91	22.45
90	21.96
89	21.67
88	21.29
87	21.34
86	21.20
85	20.67
84	20.29
83	20.20
82	20.12
81	19.68
80	19.31
79	18.99
78	19.11
77	18.78
76	18.37
75	18.07
74	18.00
73	17.80
72	17.41
71	17.04
70	16.86
69	16.78
68	16.43
67	16.07
66	15.80
65	15.65
64	15.53
63	15.09
62	14.81
61	14.60
60	14.48
59	14.17
58	13.78
57	13.56
56	13.37
55	13.24
54	12.81
53	12.59
52	12.35
51	12.21
50	11.84
49	11.55
48	11.27
47	11.14
46	10.92
45	10.56
44	10.30
43	10.11
42	9.91
41	9.61
40	9.32
39	9.09
38	8.93
37	8.56
36	8.30
35	8.07
34	7.86
33	7.56
32	7.31
31	7.08
30	6.87
29	6.60
28	6.33
27	6.10
26	5.86
25	5.60
24	5.30
23	5.10
22	4.87
21	4.64
20	4.37
19	4.10
18	3.90
17	3.63
16	3.39
15	3.14
14	2.93
13	2.68
12	2.44
11	2.20
10	1.98
9	1.75
8	1.51
7	1.30
6	1.09
5	0.87
4	0.67
3	0.49
2	0.31
1	0.15
STEP
0	0.00
1	0.04
2	0.16
3	0.33
4	0.52
5	0.73
6	0.95
7	1.16
8	1.40
9	1.62
10	1.84
11	2.09
12	2.31
13	2.55
14	2.79
15	3.04
16	3.29
17	3.51
18	3.75
19	4.02
20	4.28
21	4.48
22	4.73
23	5.00
24	5.27
25	5.50
26	5.70
27	5.99
28	6.25
29	6.48
30	6.71
31	6.96
32	7.26
33	7.48
34	7.70
35	7.96
36	8.28
37	8.49
38	8.69
39	8.95
40	9.27
41	9.49
42	9.69
43	9.95
44	10.27
45	10.57
46	10.71
47	10.96
48	11.25
49	11.58
50	11.74
51	11.96
52	12.19
53	12.59
54	12.81
55	12.98
56	13.17
57	13.51
58	13.86
59	14.04
60	14.21
61	14.43
62	14.86
63	15.17
64	15.26
65	15.46
66	15.73
67	16.15
68	16.29
69	16.56
70	16.66
71	17.11
72	17.46
73	17.58
74	17.65
75	17.92
76	18.49
77	18.67
78	18.74
79	18.92
80	19.33
81	19.78
82	19.79
83	19.90
84	20.16
85	20.74
86	20.83
87	21.01
88	21.16
89	21.69
90	22.05
91	21.97
92	22.15
93	22.40
94	23.04
95	23.16
96	23.14
97	23.39
98	24.00
99	24.38
100	24.33
101	24.38
102	24.75
103	25.31
104	25.47
105	25.55
106	25.61
107	25.97
108	26.70
109	26.87
110	26.79
111	26.77
112	27.37
113	27.83
114	27.97
115	27.94
116	28.01
117	28.55
118	29.22
119	29.35
120	29.13
121	29.32
122	29.95
123	30.44
124	30.38
125	30.36
126	30.54
127	31.12
128	31.70
129	31.76
130	31.56
131	31.91
132	32.53
133	32.96
134	33.01
135	32.83
136	33.09
137	33.69
138	34.24
139	34.17
140	33.94
141	34.31
142	34.98
143	35.46
144	35.68
145	35.17
146	35.48
147	36.16
148	36.76
149	36.91
150	36.69
151	36.66
152	37.34
153	38.15
154	38.18
155	37.89
156	38.07
157	38.63
158	39.41
159	39.49
160	39.00
161	39.25
162	39.77
163	40.64
164	40.64
165	40.27
166	40.33
167	41.16
168	41.90
169	42.19
170	41.72
171	41.72
172	42.04
173	43.07
174	43.38
175	42.86
176	43.04
177	43.48
178	44.33
179	44.58
180	43.98
181	44.42
182	44.94
183	45.46
184	45.96
185	45.37
186	45.46
187	46.06
188	46.74
189	47.12
190	46.40
191	46.81
192	47.15
193	47.89
194	48.39
195	47.75
196	48.00
197	48.35
198	49.33
199	49.55
200	48.86
201	49.48
202	49.85
203	50.45
204	50.72
205	50.07
206	50.64
207	50.95
208	51.92
209	51.96
210	51.25
211	51.88
212	52.03
213	52.99
214	52.83
215	52.51
216	53.11
217	53.52
218	54.22
219	53.93
220	54.10
221	54.39
222	54.94
223	55.37
224	55.07
225	55.49
226	55.54
227	56.01
228	56.45
229	55.97
230	56.41
231	57.07
232	57.52
233	57.52
234	57.34
235	57.88
236	57.75
237	58.66
238	58.71
239	58.66
240	58.94
241	59.22
242	59.79
243	59.93
244	59.84
245	60.17
246	60.65
247	60.85
248	61.09
249	61.24
250	61.58
251	61.78
252	61.98
253	62.08
254	62.23
255	62.53
254	62.33
253	62.03
252	61.88
251	61.73
250	61.53
249	61.24
248	61.14
247	60.75
246	60.22
245	60.08
244	60.12
243	59.88
242	59.27
241	59.46
240	58.94
239	59.04
238	58.34
237	58.16
236	57.97
235	57.75
234	57.88
233	57.21
232	56.76
231	56.54
230	57.12
229	56.63
228	55.62
227	55.67
226	55.71
225	55.80
224	55.41
223	54.56
222	54.43
221	54.35
220	54.69
219	54.18
218	53.36
217	53.36
216	52.87
215	53.48
214	53.03
213	52.03
212	52.03
211	52.07
210	52.19
209	51.49
208	50.83
207	50.87
206	50.87
205	50.95
204	49.96
203	49.74
202	49.48
201	49.96
200	49.63
199	48.46
198	48.32
197	48.21
196	48.82
195	48.35
194	47.36
193	47.15
192	47.09
191	47.54
190	47.22
189	46.13
188	46.03
187	45.90
186	46.10
185	46.00
184	44.91
183	44.81
182	44.49
181	44.91
180	44.78
179	43.76
178	43.38
177	43.41
176	43.54
175	43.48
174	42.25
173	42.22
172	42.19
171	42.43
170	42.22
169	41.19
168	40.64
167	40.82
166	40.99
165	41.16
164	40.02
163	39.72
162	39.55
161	39.83
160	39.83
159	38.79
158	38.12
157	38.36
156	38.60
155	38.60
154	37.60
153	36.86
152	36.99
151	37.42
150	37.27
149	36.16
148	35.70
147	35.77
146	36.07
145	35.90
144	35.10
143	34.45
142	34.66
141	34.84
140	34.70
139	33.90
138	33.20
137	33.20
136	33.63
135	33.47
134	32.53
133	32.08
132	32.02
131	32.25
130	31.99
129	31.31
128	30.88
127	30.94
126	31.12
125	30.72
124	29.97
123	29.62
122	29.81
121	29.81
120	29.33
119	28.77
118	28.51
117	28.61
116	28.50
115	28.08
114	27.44
113	27.25
112	27.39
111	27.41
110	26.80
109	26.27
108	26.00
107	26.25
106	26.08
105	25.42
104	24.98
103	24.87
102	24.99
101	24.65
100	24.18
99	23.82
98	23.74
97	23.75
96	23.30
95	22.84
94	22.48
93	22.63
92	22.40
91	21.89
90	21.50
89	21.62
88	21.51
87	20.92
86	20.61
85	20.42
84	20.48
83	20.05
82	19.60
81	19.29
80	19.33
79	19.11
78	18.72
77	18.36
76	18.30
75	18.15
74	17.74
73	17.40
72	17.15
71	17.09
70	16.85
69	16.42
68	16.19
67	16.02
66	15.90
65	15.47
64	15.16
63	14.92
62	14.87
61	14.54
60	14.22
59	13.94
58	13.74
57	13.59
56	13.25
55	12.93
54	12.71
53	12.55
52	12.26
51	11.94
50	11.69
49	11.52
48	11.33
47	11.00
46	10.75
45	10.50
44	10.34
43	10.02
42	9.74
41	9.46
40	9.29
39	9.02
38	8.72
37	8.47
36	8.28
35	8.03
34	7.75
33	7.51
32	7.30
31	7.04
30	6.77
29	6.51
28	6.30
27	6.06
26	5.78
25	5.54
24	5.32
23	5.06
22	4.79
21	4.57
20	4.35
19	4.13
18	3.86
17	3.62
16	3.39
15	3.14
14	2.89
13	2.67
12	2.44
11	2.20
10	1.96
9	1.75
8	1.53
7	1.30
6	1.08
5	0.88
4	0.68
3	0.48
2	0.31
1	0.15
STEP
0	0.00
1	0.04
2	0.16
3	0.33
4	0.52
5	0.73
6	0.95
7	1.17
8	1.38
9	1.61
10	1.84
11	2.06
12	2.29
13	2.54
14	2.79
15	3.02
16	3.26
17	3.50
18	3.74
19	3.99
20	4.21
21	4.47
22	4.74
23	4.98
24	5.20
25	5.42
26	5.71
27	5.93
28	6.17
29	6.43
30	6.71
31	6.95
32	7.15
33	7.41
34	7.70
35	7.96
36	8.13
37	8.41
38	8.70
39	8.94
40	9.13
41	9.36
42	9.70
43	9.99
44	10.14
45	10.34
46	10.67
47	11.02
48	11.15
49	11.37
50	11.57
51	11.98
52	12.22
53	12.39
54	12.58
55	12.90
56	13.27
57	13.41
58	13.61
59	13.83
60	14.21
61	14.50
62	14.61
63	14.80
64	15.14
65	15.55
66	15.63
67	15.82
68	16.06
69	16.44
70	16.82
71	16.78
72	17.00
73	17.29
74	17.80
75	17.85
76	18.08
77	18.27
78	18.66
79	19.08
80	19.06
81	19.20
82	19.48
83	20.01
84	20.15
85	20.29
86	20.41
87	21.00
88	21.26
89	21.37
90	21.42
91	21.70
92	22.29
93	22.43
94	22.51
95	22.62
96	23.27
97	23.54
98	23.59
99	23.66
100	24.08
101	24.54
102	24.79
103	24.70
104	24.77
105	25.34
106	25.82
107	25.95
108	25.87
109	26.05
110	26.58
111	27.02
112	27.19
113	27.16
114	27.31
115	27.93
116	28.43
117	28.36
118	28.34
119	28.45
120	29.08
121	29.59
122	29.71
123	29.50
124	29.77
125	30.45
126	30.91
127	30.95
128	30.79
129	31.07
130	31.69
131	32.07
132	32.11
133	32.07
134	32.39
135	32.89
136	33.30
137	33.35
138	33.10
139	33.44
140	34.14
141	34.55
142	34.74
143	34.34
144	34.64
145	35.26
146	35.88
147	36.05
148	35.69
149	35.98
150	36.42
151	37.08
152	37.33
153	36.97
154	37.05
155	37.66
156	38.29
157	38.69
158	38.08
159	38.27
160	38.85
161	39.53
162	39.98
163	39.45
164	39.67
165	40.12
166	40.77
167	41.23
168	40.66
169	40.51
170	41.29
171	41.97
172	42.45
173	42.00
174	41.97
175	42.42
176	43.09
177	43.65
178	43.30
179	42.97
180	43.55
181	44.31
182	44.96
183	44.44
184	44.28
185	44.76
186	45.85
187	46.08
188	45.71
189	45.75
190	46.18
191	46.90
192	47.35
193	46.86
194	47.07
195	47.59
196	48.05
197	48.37
198	48.02
199	48.12
200	48.80
201	49.17
202	49.72
203	49.17
204	49.21
205	49.91
206	50.66
207	50.93
208	50.10
209	50.63
210	51.01
211	51.63
212	51.98
213	51.39
214	52.18
215	52.42
216	53.10
217	53.14
218	52.82
219	53.26
220	53.22
221	54.21
222	54.30
223	53.92
224	54.38
225	54.59
226	55.31
227	55.48
228	55.18
229	55.53
230	56.13
231	56.48
232	56.31
233	56.62
234	56.97
235	57.24
236	57.51
237	57.47
238	57.69
239	58.06
240	58.56
241	58.70
242	58.47
243	58.84
244	59.07
245	59.64
246	59.78
247	59.59
248	60.26
249	60.55
250	60.70
251	60.89
252	60.65
253	61.43
254	61.48
255	61.73
254	61.48
253	61.33
252	61.04
251	60.94
250	60.70
249	60.12
248	60.36
247	59.93
246	59.83
245	59.50
244	58.93
243	58.79
242	58.61
241	58.75
240	58.47
239	57.87
238	57.42
237	57.51
236	57.65
235	57.33
234	56.31
233	56.57
232	56.35
231	56.48
230	56.05
229	55.61
228	55.18
227	54.88
226	55.27
225	54.59
224	54.09
223	54.17
222	54.13
221	54.05
220	53.35
219	52.82
218	53.06
217	52.98
216	52.90
215	51.94
214	51.94
213	51.55
212	51.98
211	51.71
210	50.51
209	50.51
208	50.47
207	50.74
206	50.36
205	49.39
204	49.13
203	49.06
202	49.76
201	49.28
200	47.91
199	48.37
198	48.19
197	48.55
196	47.73
195	46.83
194	47.17
193	47.00
192	47.42
191	46.59
190	45.61
189	45.78
188	45.61
187	46.15
186	45.32
185	44.47
184	44.54
183	44.44
182	44.73
181	44.18
180	43.34
179	43.21
178	43.27
177	43.46
176	42.90
175	41.91
174	41.97
173	42.18
172	42.24
171	41.67
170	40.69
169	40.66
168	40.97
167	40.89
166	40.51
165	39.59
164	39.37
163	39.53
162	39.67
161	39.31
160	38.29
159	38.32
158	38.43
157	38.51
156	38.11
155	37.28
154	37.02
153	37.08
152	37.13
151	36.87
150	36.15
149	35.91
148	35.86
147	35.93
146	35.74
145	34.83
144	34.30
143	34.41
142	34.60
141	34.43
140	33.66
139	33.17
138	33.26
137	33.39
136	33.13
135	32.45
134	31.96
133	32.13
132	32.22
131	31.90
130	31.26
129	30.79
128	30.93
127	30.97
126	30.65
125	29.88
124	29.57
123	29.79
122	29.67
121	29.29
120	28.69
119	28.29
118	28.65
117	28.47
116	27.95
115	27.44
114	27.17
113	27.44
112	27.28
111	26.78
110	26.26
109	26.01
108	26.20
107	25.98
106	25.40
105	25.04
104	24.82
103	24.93
102	24.71
101	24.20
100	23.78
99	23.72
98	23.75
97	23.27
96	22.83
95	22.47
94	22.68
93	22.41
92	21.90
91	21.63
90	21.61
89	21.49
88	21.08
87	20.62
86	20.44
85	20.51
84	20.08
83	19.70
82	19.32
81	19.41
80	19.19
79	18.78
78	18.40
77	18.29
76	18.23
75	17.81
74	17.42
73	17.18
72	17.17
71	16.96
70	16.53
69	16.26
68	16.04
67	16.01
66	15.57
65	15.22
64	15.01
63	14.99
62	14.68
61	14.32
60	14.02
59	13.90
58	13.74
57	13.38
56	13.07
55	12.85
54	12.70
53	12.48
52	12.07
51	11.81
50	11.66
49	11.50
48	11.15
47	10.88
46	10.63
45	10.48
44	10.20
43	9.86
42	9.64
41	9.46
40	9.19
39	8.93
38	8.67
37	8.47
36	8.25
35	7.95
34	7.71
33	7.51
32	7.23
31	6.92
30	6.69
29	6.50
28	6.26
27	5.97
26	5.73
25	5.54
24	5.30
23	5.01
22	4.77
21	4.58
20	4.31
19	4.05
18	3.83
17	3.61
16	3.37
15	3.11
14	2.86
13	2.66
12	2.41
11	2.18
10	1.96
9	1.74
8	1.52
7	1.28
6	1.08
5	0.87
4	0.68
3	0.48
2	0.30
1	0.15
STEP
0	0.00
1	0.04
2	0.16
3	0.33
4	0.52
5	0.73
6	0.95
7	1.15
8	1.39
9	1.61
10	1.84
11	2.05
12	2.29
13	2.54
14	2.76
15	3.00
16	3.23
17	3.49
18	3.72
19	3.95
20	4.19
21	4.47
22	4.69
23	4.92
24	5.17
25	5.43
26	5.67
27	5.89
28	6.14
29	6.40
30	6.67
31	6.86
32	7.12
33	7.40
34	7.68
35	7.84
36	8.08
37	8.37
38	8.67
39	8.82
40	9.05
41	9.33
42	9.65
43	9.84
44	10.05
45	10.29
46	10.62
47	10.86
48	11.02
49	11.29
50	11.59
51	11.88
52	12.02
53	12.25
54	12.50
55	12.89
56	13.03
57	13.25
58	13.40
59	13.78
60	14.10
61	14.28
62	14.42
63	14.69
64	15.11
65	15.31
66	15.43
67	15.63
68	15.98
69	16.43
70	16.48
71	16.65
72	16.82
73	17.34
74	17.53
75	17.65
76	17.80
77	18.14
78	18.61
79	18.70
80	18.81
81	19.04
82	19.53
83	19.79
84	19.94
85	19.97
86	20.43
87	20.80
88	20.85
89	21.03
90	21.14
91	21.87
92	22.02
93	22.00
94	22.22
95	22.68
96	23.13
97	23.07
98	23.10
99	23.41
100	24.03
101	24.30
102	24.30
103	24.31
104	24.76
105	25.41
106	25.45
107	25.35
108	25.53
109	26.03
110	26.57
111	26.66
112	26.56
113	26.73
114	27.27
115	27.85
116	27.89
117	27.80
118	27.91
119	28.56
120	29.04
121	29.02
122	28.98
123	29.19
124	29.78
125	30.38
126	30.34
127	30.21
128	30.38
129	31.04
130	31.47
131	31.52
132	31.39
133	31.56
134	32.34
135	32.83
136	32.74
137	32.64
138	32.68
139	33.43
140	34.08
141	33.94
142	33.69
143	33.99
144	34.61
145	35.17
146	35.13
147	34.82
148	35.17
149	35.85
150	36.44
151	36.63
152	36.34
153	36.46
154	36.94
155	37.60
156	37.78
157	37.39
158	37.60
159	38.04
160	38.71
161	39.08
162	38.52
163	38.79
164	39.19
165	39.96
166	40.44
167	40.05
168	39.88
169	40.42
170	41.19
171	41.69
172	41.07
173	41.28
174	41.69
175	42.56
176	42.86
177	42.28
178	42.46
179	42.86
180	43.76
181	44.17
182	43.51
183	43.51
184	44.23
185	44.97
186	45.37
187	44.62
188	44.97
189	45.37
190	46.10
191	46.51
192	46.07
193	46.07
194	46.47
195	47.23
196	47.58
197	47.23
198	47.44
199	47.97
200	48.39
201	48.90
202	48.47
203	48.36
204	48.94
205	49.78
206	50.05
207	49.30
208	49.78
209	50.27
210	51.23
211	51.15
212	50.39
213	50.96
214	51.58
215	52.29
216	52.25
217	51.93
218	52.33
219	52.41
220	53.29
221	53.38
222	52.81
223	53.42
224	53.70
225	54.45
226	54.08
227	54.29
228	54.66
229	55.05
230	55.47
231	55.47
232	55.73
233	55.69
234	56.57
235	56.65
236	56.48
237	56.74
238	57.10
239	57.55
240	57.73
241	57.59
242	57.91
243	58.56
244	58.84
245	58.79
246	58.88
247	59.35
248	59.12
249	59.68
250	59.87
251	59.73
252	60.35
253	60.55
254	60.79
255	60.79
254	60.69
253	60.65
252	60.26
251	60.07
250	59.92
249	59.64
248	59.16
247	59.30
246	58.98
245	58.42
244	58.33
243	58.56
242	58.33
241	57.78
240	57.28
239	57.28
238	57.05
237	57.14
236	56.74
235	56.17
234	56.08
233	55.65
232	55.99
231	55.60
230	54.88
229	54.79
228	54.92
227	54.79
226	54.16
225	53.70
224	53.58
223	53.75
222	53.62
221	52.73
220	52.69
219	52.61
218	52.65
217	52.37
216	51.66
215	51.30
214	51.23
213	51.69
212	51.15
211	50.05
210	50.20
209	50.01
208	50.61
207	50.08
206	48.97
205	49.16
204	49.05
203	49.38
202	48.68
201	47.97
200	47.72
199	47.82
198	48.14
197	47.16
196	46.54
195	46.64
194	46.64
193	46.92
192	46.03
191	45.43
190	45.47
189	45.60
188	45.73
187	44.88
186	44.30
185	44.43
184	44.33
183	44.52
182	43.60
181	43.17
180	43.20
179	43.26
178	43.35
177	42.40
176	41.69
175	41.87
174	41.98
173	42.13
172	41.19
171	40.59
170	40.42
169	40.67
168	40.79
167	40.02
166	39.33
165	39.30
164	39.52
163	39.60
162	38.84
161	38.07
160	38.15
159	38.41
158	38.31
157	37.65
156	37.06
155	36.84
154	37.24
153	37.22
152	36.44
151	35.82
150	35.60
149	35.87
148	35.80
147	35.24
146	34.66
145	34.56
144	34.63
143	34.63
142	34.08
141	33.43
140	33.25
139	33.40
138	33.45
137	32.87
136	32.25
135	32.06
134	32.17
133	32.12
132	31.60
131	30.90
130	30.78
129	30.96
128	31.00
127	30.28
126	29.84
125	29.68
124	29.84
123	29.66
122	29.00
121	28.59
120	28.57
119	28.59
118	28.36
117	27.62
116	27.34
115	27.34
114	27.50
113	27.03
112	26.47
111	26.24
110	26.26
109	26.24
108	25.78
107	25.21
106	24.93
105	25.10
104	24.96
103	24.45
102	24.03
101	23.68
100	23.88
99	23.75
98	23.24
97	22.82
96	22.72
95	22.76
94	22.22
93	21.91
92	21.66
91	21.70
90	21.41
89	20.96
88	20.63
87	20.69
86	20.51
85	20.03
84	19.74
83	19.52
82	19.60
81	19.10
80	18.74
79	18.51
78	18.49
77	18.25
76	17.86
75	17.52
74	17.34
73	17.34
72	16.88
71	16.60
70	16.33
69	16.30
68	16.03
67	15.71
66	15.36
65	15.21
64	15.07
63	14.72
62	14.39
61	14.16
60	14.03
59	13.82
58	13.48
57	13.14
56	13.02
55	12.85
54	12.54
53	12.26
52	11.99
51	11.89
50	11.57
49	11.26
48	11.02
47	10.86
46	10.66
45	10.32
44	10.04
43	9.86
42	9.68
41	9.37
40	9.11
39	8.86
38	8.70
37	8.40
36	8.11
35	7.91
34	7.69
33	7.40
32	7.14
31	6.92
30	6.72
29	6.44
28	6.19
27	5.97
26	5.76
25	5.49
24	5.24
23	4.99
22	4.78
21	4.54
20	4.27
19	4.03
18	3.82
17	3.58
16	3.33
15	3.09
14	2.88
13	2.64
12	2.40
11	2.16
10	1.96
9	1.74
8	1.50
7	1.29
6	1.08
5	0.87
4	0.67
3	0.48
2	0.30
1	0.15
STEP
0	0.00
1	0.04
2	0.16
3	0.33
4	0.52
5	0.73
6	0.94
7	1.15
8	1.38
9	1.61
10	1.81
11	2.05
12	2.29
13	2.50
14	2.72
15	3.00
16	3.23
17	3.46
18	3.69
19	3.94
20	4.19
21	4.41
22	4.64
23	4.89
24	5.16
25	5.40
26	5.59
27	5.86
28	6.13
29	6.37
30	6.56
31	6.83
32	7.11
33	7.33
34	7.53
35	7.78
36	8.08
37	8.33
38	8.49
39	8.74
40	9.05
41	9.30
42	9.45
43	9.68
44	10.03
45	10.34
46	10.46
47	10.71
48	10.94
49	11.30
50	11.48
51	11.64
52	11.89
53	12.20
54	12.53
55	12.68
56	12.86
57	13.10
58	13.52
59	13.70
60	13.87
61	14.05
62	14.40
63	14.77
64	14.85
65	15.09
66	15.28
67	15.73
68	15.91
69	16.02
70	16.23
71	16.56
72	17.00
73	17.10
74	17.19
75	17.45
76	17.90
77	18.12
78	18.25
79	18.37
80	18.67
81	19.20
82	19.27
83	19.37
84	19.60
85	20.07
86	20.30
87	20.36
88	20.47
89	20.89
90	21.34
91	21.47
92	21.55
93	21.68
94	22.31
95	22.53
96	22.53
97	22.67
98	23.20
99	23.68
100	23.59
101	23.69
102	23.90
103	24.48
104	24.82
105	24.82
106	24.86
107	25.07
108	25.78
109	26.09
110	26.04
111	25.94
112	26.30
113	26.89
114	27.20
115	27.22
116	27.17
117	27.50
118	28.28
119	28.57
120	28.26
121	28.33
122	28.79
123	29.37
124	29.64
125	29.47
126	29.56
127	29.98
128	30.63
129	30.77
130	30.61
131	30.73
132	31.30
133	31.86
134	31.99
135	31.86
136	31.74
137	32.41
138	33.15
139	33.37
140	33.00
141	33.06
142	33.80
143	34.41
144	34.53
145	34.18
146	34.18
147	34.72
148	35.54
149	35.93
150	35.33
151	35.26
152	35.86
153	36.62
154	37.03
155	36.67
156	36.60
157	37.18
158	37.72
159	38.43
160	37.95
161	37.82
162	38.29
163	39.21
164	39.62
165	38.96
166	38.88
167	39.48
168	40.32
169	40.86
170	40.40
171	40.20
172	40.77
173	41.29
174	42.06
175	41.59
176	41.29
177	41.94
178	42.60
179	43.28
180	42.66
181	42.39
182	43.25
183	43.84
184	44.41
185	43.94
186	43.50
187	44.45
188	45.00
189	45.62
190	45.32
191	44.80
192	45.49
193	46.02
194	46.73
195	46.46
196	46.02
197	46.60
198	47.22
199	47.85
200	47.60
201	47.25
202	47.96
203	48.46
204	49.04
205	48.53
206	48.60
207	49.15
208	49.55
209	50.07
210	49.70
211	49.92
212	50.11
213	50.95
214	51.22
215	50.79
216	50.91
217	51.22
218	52.24
219	52.28
220	51.72
221	52.32
222	52.60
223	53.41
224	53.45
225	53.20
226	53.45
227	54.03
228	54.49
229	54.40
230	54.61
231	54.91
232	54.87
233	55.60
234	55.68
235	55.64
236	55.95
237	56.12
238	56.56
239	56.78
240	56.83
241	56.83
242	57.10
243	57.73
244	57.64
245	57.77
246	58.46
247	58.51
248	58.83
249	58.97
250	59.21
251	59.40
252	59.64
253	59.87
254	60.02
255	60.07
254	59.92
253	59.73
252	59.54
251	59.30
250	58.93
249	58.60
248	58.69
247	58.55
246	58.00
245	58.09
244	57.59
243	57.73
242	57.32
241	56.83
240	56.92
239	56.52
238	56.56
237	55.95
236	55.90
235	55.43
234	55.73
233	55.38
232	54.57
231	54.74
230	54.36
229	54.70
228	54.32
227	53.61
226	53.41
225	53.25
224	53.53
223	53.12
222	52.40
221	52.40
220	51.80
219	52.44
218	52.00
217	50.95
216	51.30
215	51.14
214	51.26
213	50.64
212	50.15
211	49.85
210	49.89
209	50.04
208	49.11
207	48.85
206	48.78
205	48.82
204	48.85
203	47.99
202	47.43
201	47.50
200	47.88
199	47.71
198	46.60
197	46.67
196	46.60
195	46.84
194	46.50
193	45.49
192	45.49
191	45.26
190	45.59
189	45.32
188	44.28
187	43.90
186	44.16
185	44.48
184	44.13
183	42.91
182	42.82
181	42.79
180	43.09
179	42.94
178	41.73
177	41.73
176	41.62
175	41.88
174	41.53
173	40.66
172	40.49
171	40.46
170	40.72
169	40.54
168	39.51
167	39.21
166	39.18
165	39.56
164	39.45
163	38.19
162	37.95
161	38.00
160	38.24
159	38.21
158	37.18
157	36.82
156	36.90
155	37.13
154	36.77
153	35.93
152	35.66
151	35.69
150	35.96
149	35.64
148	34.76
147	34.25
146	34.44
145	34.67
144	34.44
143	33.62
142	33.17
141	33.19
140	33.46
139	33.11
138	32.46
137	31.99
136	32.11
135	32.26
134	31.88
133	31.22
132	30.90
131	30.92
130	31.02
129	30.69
128	30.12
127	29.62
126	29.81
125	29.87
124	29.33
123	28.85
122	28.50
121	28.62
120	28.55
119	28.30
118	27.53
117	27.29
116	27.48
115	27.48
114	26.86
113	26.40
112	26.16
111	26.39
110	26.19
109	25.72
108	25.19
107	25.03
106	25.18
105	24.89
104	24.43
103	24.04
102	23.91
101	23.95
100	23.73
99	23.19
98	22.87
97	22.83
96	22.80
95	22.29
94	21.85
93	21.67
92	21.81
91	21.42
90	20.97
89	20.74
88	20.82
87	20.47
86	20.18
85	19.79
84	19.71
83	19.57
82	19.16
81	18.86
80	18.57
79	18.64
78	18.26
77	17.92
76	17.56
75	17.53
74	17.41
73	17.00
72	16.67
71	16.45
70	16.47
69	16.08
68	15.76
67	15.45
66	15.35
65	15.21
64	14.79
63	14.50
62	14.33
61	14.21
60	13.91
59	13.59
58	13.30
57	13.16
56	13.05
55	12.61
54	12.41
53	12.15
52	12.04
51	11.71
50	11.41
49	11.18
48	11.00
47	10.81
46	10.46
45	10.21
44	10.02
43	9.85
42	9.53
41	9.28
40	9.05
39	8.89
38	8.54
37	8.30
36	8.08
35	7.88
34	7.60
33	7.33
32	7.11
31	6.91
30	6.63
29	6.40
28	6.15
27	5.95
26	5.68
25	5.45
24	5.21
23	4.99
22	4.72
21	4.48
20	4.26
19	4.03
18	3.79
17	3.54
16	3.32
15	3.10
14	2.86
13	2.62
12	2.40
11	2.18
10	1.95
9	1.72
8	1.50
7	1.29
6	1.08
5	0.88
4	0.67
3	0.48
2	0.30
1	0.15