0	0.00
1	0.02
2	0.11
3	0.26
4	0.44
5	0.64
6	0.85
7	1.07
8	1.28
9	1.53
10	1.75
11	1.99
12	2.25
13	2.51
14	2.77
15	3.01
16	3.30
17	3.59
18	3.85
19	4.12
20	4.40
21	4.72
22	4.98
23	5.26
24	5.55
25	5.87
26	6.17
27	6.39
28	6.70
29	7.05
30	7.32
31	7.55
32	7.89
33	8.23
34	8.58
35	8.77
36	9.08
37	9.42
38	9.77
39	9.96
40	10.26
41	10.62
42	10.97
43	11.21
44	11.47
45	11.78
46	12.15
47	12.50
48	12.66
49	12.95
50	13.31
51	13.72
52	13.96
53	14.13
54	14.46
55	14.86
56	15.18
57	15.40
58	15.60
59	16.02
60	16.47
61	16.70
62	16.90
63	17.14
64	17.58
65	18.04
66	18.09
67	18.28
68	18.67
69	19.23
70	19.44
71	19.66
72	19.81
73	20.25
74	20.79
75	20.80
76	21.06
77	21.31
78	21.95
79	22.18
80	22.34
81	22.58
82	23.05
83	23.50
84	23.55
85	23.79
86	24.08
87	24.76
88	25.06
89	25.03
90	25.28
91	25.91
92	26.28
93	26.34
94	26.43
95	26.80
96	27.56
97	27.67
98	27.74
99	27.88
100	28.69
101	29.09
102	29.05
103	29.18
104	29.40
105	30.20
106	30.66
107	30.68
108	30.64
109	31.07
110	31.84
111	32.12
112	32.05
113	32.12
114	32.53
115	33.30
116	33.79
117	33.50
118	33.59
119	34.07
120	35.03
121	35.31
122	35.12
123	35.05
124	35.68
125	36.49
126	36.82
127	36.64
128	36.69
129	37.12
130	38.03
131	38.37
132	38.16
133	38.24
134	38.75
135	39.51
136	39.95
137	39.73
138	39.59
139	40.20
140	41.09
141	41.47
142	41.21
143	41.12
144	41.73
145	42.51
146	43.06
147	42.97
148	42.75
149	43.30
150	44.02
151	44.53
152	44.47
153	44.28
154	44.82
155	45.57
156	46.10
157	45.97
158	45.74
159	46.27
160	47.05
161	47.71
162	47.82
163	47.33
164	47.99
165	48.52
166	49.28
167	49.32
168	48.95
169	49.35
170	49.94
171	50.88
172	51.11
173	50.47
174	50.80
175	51.38
176	52.31
177	52.71
178	52.00
179	52.59
180	52.86
181	53.91
182	54.28
183	53.67
184	54.00
185	54.24
186	55.37
187	55.75
188	55.03
189	55.50
190	56.01
191	57.06
192	57.23
193	56.62
194	57.06
195	57.72
196	58.53
197	58.72
198	58.08
199	58.53
200	59.04
201	60.34
202	60.16
203	59.18
204	60.20
205	60.73
206	61.69
207	61.40
208	61.25
209	61.64
210	62.48
211	63.18
212	62.93
213	63.03
214	63.23
215	63.94
216	64.56
217	63.89
218	64.14
219	64.97
220	65.66
221	66.03
222	65.82
223	65.87
224	66.40
225	67.11
226	67.49
227	67.33
228	67.60
229	68.04
230	68.49
231	68.88
232	68.77
233	69.22
234	69.62
235	69.80
236	70.37
237	70.14
238	70.72
239	71.02
240	71.19
241	71.85
242	71.67
243	71.97
244	72.27
245	73.05
246	73.12
247	72.93
248	73.30
249	74.16
250	74.29
251	74.54
252	74.54
253	74.98
254	75.43
255	75.75
254	75.43
253	75.24
252	74.79
251	73.92
250	74.29
249	73.98
248	73.24
247	73.05
246	72.93
245	72.93
244	72.57
243	71.79
242	71.61
241	71.49
240	71.61
239	71.07
238	70.31
237	70.20
236	70.03
235	70.08
234	69.62
233	68.88
232	68.71
231	68.10
230	68.60
229	68.04
228	67.27
227	67.27
226	66.73
225	67.27
224	66.57
223	65.50
222	65.55
221	65.29
220	65.60
219	65.18
218	63.63
217	64.04
216	63.89
215	64.14
214	63.58
213	62.73
212	62.33
211	62.13
210	62.73
209	61.69
208	60.87
207	61.01
206	61.01
205	61.06
204	59.83
203	59.41
202	59.55
201	59.45
200	59.45
199	58.40
198	57.77
197	58.13
196	58.31
195	57.90
194	56.53
193	56.62
192	56.31
191	56.66
190	56.27
189	54.82
188	55.08
187	54.91
186	55.16
185	54.45
184	53.39
183	53.51
182	53.43
181	53.67
180	52.94
179	51.72
178	51.72
177	51.88
176	52.23
175	51.34
174	50.32
173	50.32
172	50.17
171	50.39
170	49.87
169	48.88
168	48.77
167	48.74
166	48.85
165	48.35
164	47.40
163	47.02
162	47.36
161	47.36
160	46.78
159	45.60
158	45.57
157	45.74
156	45.77
155	45.24
154	44.15
153	43.90
152	44.24
151	44.28
150	43.49
149	42.72
148	42.45
147	42.72
146	42.72
145	41.91
144	41.21
143	40.92
142	41.06
141	41.18
140	40.37
139	39.67
138	39.51
137	39.62
136	39.45
135	38.93
134	38.13
133	37.77
132	38.08
131	37.95
130	37.40
129	36.51
128	36.34
127	36.64
126	36.41
125	35.90
124	35.00
123	34.96
122	35.15
121	34.88
120	34.25
119	33.52
118	33.45
117	33.57
116	33.41
115	32.72
114	32.12
113	31.80
112	32.14
111	31.84
110	31.21
109	30.54
108	30.46
107	30.54
106	30.14
105	29.57
104	29.17
103	28.99
102	29.01
101	28.66
100	27.99
99	27.63
98	27.68
97	27.60
96	26.93
95	26.41
94	26.14
93	26.29
92	25.82
91	25.20
90	25.01
89	25.08
88	24.70
87	24.23
86	23.73
85	23.67
84	23.64
83	23.02
82	22.53
81	22.31
80	22.29
79	21.91
78	21.45
77	21.10
76	21.10
75	20.80
74	20.29
73	19.89
72	19.71
71	19.67
70	19.09
69	18.77
68	18.44
67	18.44
66	18.03
65	17.67
64	17.25
63	17.09
62	16.95
61	16.47
60	16.13
59	15.83
58	15.69
57	15.35
56	14.98
55	14.63
54	14.42
53	14.23
52	13.83
51	13.48
50	13.16
49	13.00
48	12.72
47	12.29
46	12.02
45	11.81
44	11.59
43	11.21
42	10.84
41	10.61
40	10.41
39	10.06
38	9.74
37	9.46
36	9.22
35	8.95
34	8.61
33	8.31
32	8.07
31	7.79
30	7.45
29	7.18
28	6.94
27	6.63
26	6.31
25	6.07
24	5.83
23	5.55
22	5.22
21	4.96
20	4.72
19	4.43
18	4.13
17	3.88
16	3.63
15	3.37
14	3.08
13	2.81
12	2.58
11	2.32
10	2.05
9	1.82
8	1.59
7	1.35
6	1.11
5	0.89
4	0.68
3	0.48
2	0.30
1	0.14
STEP
0	0.00
1	0.04
2	0.15
3	0.33
4	0.53
5	0.74
6	0.97
7	1.20
8	1.42
9	1.66
10	1.91
11	2.15
12	2.41
13	2.65
14	2.93
15	3.18
16	3.42
17	3.69
18	3.98
19	4.23
20	4.47
21	4.76
22	5.05
23	5.30
24	5.52
25	5.80
26	6.11
27	6.42
28	6.63
29	6.91
30	7.20
31	7.51
32	7.70
33	7.99
34	8.30
35	8.62
36	8.80
37	9.10
38	9.39
39	9.74
40	9.94
41	10.21
42	10.47
43	10.84
44	11.04
45	11.28
46	11.55
47	11.93
48	12.26
49	12.38
50	12.67
51	12.98
52	13.42
53	13.54
54	13.74
55	14.04
56	14.42
57	14.83
58	14.89
59	15.14
60	15.47
61	15.95
62	16.06
63	16.29
64	16.57
65	16.93
66	17.33
67	17.45
68	17.71
69	17.93
70	18.41
71	18.79
72	18.89
73	18.99
74	19.43
75	19.88
76	20.04
77	20.19
78	20.40
79	21.00
80	21.27
81	21.34
82	21.52
83	22.08
84	22.57
85	22.50
86	22.63
87	22.97
88	23.58
89	23.84
90	23.85
91	24.08
92	24.69
93	25.05
94	25.12
95	25.15
96	25.49
97	26.21
98	26.29
99	26.43
100	26.58
101	27.22
102	27.69
103	27.68
104	27.73
105	28.02
106	28.70
107	29.05
108	29.11
109	29.11
110	29.32
111	30.21
112	30.55
113	30.47
114	30.39
115	30.85
116	31.55
117	32.10
118	31.70
119	31.85
120	32.42
121	33.12
122	33.43
123	33.14
124	33.23
125	33.75
126	34.53
127	34.91
128	34.67
129	34.79
130	35.12
131	35.94
132	36.31
133	36.09
134	36.14
135	36.63
136	37.29
137	37.73
138	37.47
139	37.39
140	38.02
141	38.68
142	39.08
143	38.89
144	38.89
145	39.38
146	40.11
147	40.64
148	40.44
149	40.47
150	40.73
151	41.48
152	42.10
153	41.92
154	41.78
155	42.25
156	42.92
157	43.44
158	43.35
159	43.07
160	43.63
161	44.32
162	45.19
163	44.90
164	44.51
165	44.93
166	45.65
167	46.52
168	46.39
169	46.09
170	46.42
171	47.07
172	47.97
173	47.87
174	47.45
175	47.87
176	48.22
177	49.45
178	49.23
179	48.83
180	49.19
181	49.67
182	50.87
183	50.94
184	50.15
185	50.60
186	51.44
187	52.30
188	52.42
189	51.44
190	52.26
191	52.62
192	53.58
193	53.79
194	52.98
195	53.54
196	54.03
197	54.86
198	55.16
199	54.32
200	54.99
201	55.67
202	56.58
203	56.19
204	56.06
205	56.54
206	56.89
207	57.82
208	57.69
209	57.46
210	58.00
211	58.59
212	59.19
213	58.59
214	58.82
215	59.61
216	60.27
217	60.51
218	59.94
219	60.51
220	60.80
221	61.53
222	61.87
223	61.38
224	61.82
225	62.16
226	63.27
227	63.22
228	62.66
229	63.17
230	63.83
231	64.40
232	64.60
233	64.03
234	64.92
235	65.18
236	65.71
237	65.93
238	65.82
239	66.14
240	66.47
241	67.18
242	67.23
243	67.12
244	67.45
245	67.78
246	68.34
247	68.62
248	68.46
249	68.68
250	69.37
251	69.54
252	69.71
253	70.06
254	70.35
255	70.47
254	70.23
253	70.06
252	69.71
251	69.42
250	69.02
249	68.97
248	68.62
247	67.95
246	67.89
245	68.12
244	67.73
243	66.96
242	66.74
241	66.57
240	66.41
239	66.41
238	65.71
237	65.55
236	65.39
235	65.02
234	65.08
233	64.34
232	63.93
231	64.03
230	64.14
229	63.68
228	62.61
227	62.96
226	62.51
225	62.71
224	62.16
223	61.33
222	61.28
221	61.09
220	61.38
219	60.94
218	59.66
217	59.94
216	59.80
215	59.89
214	59.15
213	58.82
212	58.41
211	58.36
210	58.55
209	57.37
208	57.15
207	57.11
206	57.33
205	56.97
204	55.71
203	55.84
202	55.71
201	56.01
200	55.67
199	54.41
198	54.12
197	54.12
196	54.61
195	54.12
194	52.74
193	52.94
192	52.86
191	53.14
190	52.38
189	51.40
188	51.60
187	51.33
186	51.71
185	51.06
184	50.15
183	50.26
182	49.97
181	50.26
180	49.56
179	48.79
178	48.61
177	48.72
176	48.83
175	48.19
174	47.00
173	47.17
172	47.31
171	47.48
170	46.80
169	45.72
168	45.65
167	45.75
166	45.82
165	45.42
164	44.58
163	44.29
162	44.42
161	44.48
160	43.97
159	42.89
158	42.86
157	43.01
156	43.04
155	42.55
154	41.54
153	41.51
152	41.66
151	41.72
150	40.96
149	40.11
148	39.97
147	40.05
146	40.19
145	39.55
144	38.73
143	38.55
142	38.73
141	38.65
140	38.07
139	37.32
138	37.16
137	37.42
136	37.24
135	36.71
134	35.94
133	35.74
132	35.91
131	35.82
130	35.29
129	34.58
128	34.28
127	34.51
126	34.39
125	33.91
124	33.08
123	32.99
122	33.08
121	32.97
120	32.32
119	31.72
118	31.68
117	31.76
116	31.49
115	30.75
114	30.27
113	30.19
112	30.47
111	29.98
110	29.38
109	28.83
108	28.96
107	28.94
106	28.40
105	27.87
104	27.57
103	27.61
102	27.48
101	27.06
100	26.39
99	26.19
98	26.31
97	26.13
96	25.52
95	25.04
94	24.97
93	24.96
92	24.41
91	23.90
90	23.70
89	23.75
88	23.32
87	22.90
86	22.56
85	22.57
84	22.32
83	21.79
82	21.49
81	21.28
80	21.26
79	20.68
78	20.36
77	20.03
76	20.05
75	19.71
74	19.30
73	18.93
72	18.85
71	18.68
70	18.18
69	17.86
68	17.65
67	17.52
66	17.18
65	16.75
64	16.42
63	16.34
62	16.20
61	15.70
60	15.34
59	15.11
58	15.05
57	14.61
56	14.32
55	13.96
54	13.82
53	13.63
52	13.16
51	12.91
50	12.66
49	12.47
48	12.15
47	11.80
46	11.55
45	11.35
44	11.12
43	10.75
42	10.43
41	10.23
40	9.99
39	9.64
38	9.33
37	9.13
36	8.91
35	8.58
34	8.25
33	8.01
32	7.78
31	7.45
30	7.16
29	6.95
28	6.71
27	6.39
26	6.11
25	5.87
24	5.64
23	5.37
22	5.09
21	4.81
20	4.59
19	4.31
18	4.03
17	3.77
16	3.53
15	3.28
14	2.99
13	2.75
12	2.52
11	2.27
10	2.03
9	1.80
8	1.56
7	1.33
6	1.10
5	0.89
4	0.68
3	0.48
2	0.30
1	0.15
STEP
0	0.00
1	0.04
2	0.16
3	0.33
4	0.53
5	0.74
6	0.96
7	1.18
8	1.42
9	1.65
10	1.89
11	2.13
12	2.37
13	2.61
14	2.87
15	3.10
16	3.34
17	3.60
18	3.88
19	4.11
20	4.37
21	4.61
22	4.91
23	5.13
24	5.38
25	5.64
26	5.93
27	6.21
28	6.38
29	6.66
30	6.96
31	7.25
32	7.44
33	7.72
34	8.02
35	8.31
36	8.47
37	8.75
38	9.05
39	9.36
40	9.52
41	9.79
42	10.10
43	10.45
44	10.59
45	10.84
46	11.08
47	11.46
48	11.70
49	11.89
50	12.14
51	12.46
52	12.82
53	12.97
54	13.22
55	13.39
56	13.86
57	14.17
58	14.30
59	14.51
60	14.81
61	15.22
62	15.38
63	15.59
64	15.77
65	16.16
66	16.58
67	16.67
68	16.83
69	17.12
70	17.59
71	17.83
72	17.99
73	18.15
74	18.46
75	19.00
76	18.98
77	19.24
78	19.46
79	19.99
80	20.25
81	20.42
82	20.56
83	20.99
84	21.43
85	21.39
86	21.55
87	21.85
88	22.40
89	22.66
90	22.66
91	22.92
92	23.45
93	23.88
94	23.83
95	23.91
96	24.31
97	24.87
98	24.99
99	25.06
100	25.21
101	25.92
102	26.29
103	26.22
104	26.27
105	26.56
106	27.22
107	27.52
108	27.61
109	27.63
110	27.88
111	28.62
112	28.92
113	28.88
114	28.96
115	29.20
116	29.89
117	30.24
118	30.05
119	30.20
120	30.68
121	31.35
122	31.37
123	31.35
124	31.50
125	32.02
126	32.67
127	32.88
128	32.71
129	32.80
130	33.24
131	33.93
132	34.34
133	33.89
134	33.98
135	34.48
136	35.38
137	35.74
138	35.40
139	35.52
140	35.79
141	36.50
142	37.10
143	36.68
144	36.68
145	37.23
146	38.01
147	38.46
148	38.03
149	37.96
150	38.51
151	39.35
152	39.82
153	39.54
154	39.43
155	39.76
156	40.49
157	41.15
158	40.86
159	40.66
160	41.15
161	41.74
162	42.36
163	42.36
164	41.91
165	42.39
166	43.06
167	43.74
168	43.77
169	43.37
170	43.77
171	44.31
172	45.02
173	45.02
174	44.73
175	45.02
176	45.48
177	46.48
178	46.28
179	45.94
180	46.25
181	46.82
182	47.79
183	47.97
184	47.20
185	47.58
186	48.36
187	49.12
188	49.30
189	48.72
190	48.86
191	49.49
192	50.42
193	50.61
194	50.04
195	50.68
196	50.80
197	51.76
198	51.84
199	51.14
200	51.88
201	51.99
202	53.27
203	53.11
204	52.31
205	53.15
206	53.56
207	54.46
208	54.38
209	53.93
210	54.34
211	54.76
212	55.69
213	55.35
214	55.10
215	55.95
216	56.26
217	56.78
218	56.61
219	56.65
220	57.05
221	57.63
222	58.13
223	57.86
224	58.04
225	58.27
226	58.91
227	59.33
228	59.10
229	59.19
230	59.61
231	60.32
232	60.56
233	60.04
234	60.85
235	61.14
236	61.63
237	61.83
238	61.73
239	61.93
240	62.18
241	62.83
242	62.98
243	63.24
244	63.24
245	63.44
246	63.96
247	64.22
248	64.11
249	64.38
250	65.01
251	65.01
252	65.38
253	65.59
254	65.86
255	66.02
254	65.92
253	65.54
252	65.33
251	65.33
250	64.53
249	64.74
248	64.32
247	63.75
246	63.60
245	63.75
244	63.44
243	62.88
242	62.98
241	62.63
240	62.58
239	62.18
238	61.68
237	61.49
236	61.24
235	61.39
234	61.05
233	59.99
232	60.32
231	59.99
230	59.99
229	59.71
228	59.14
227	58.72
226	58.49
225	58.82
224	57.99
223	57.68
222	57.18
221	57.54
220	57.54
219	56.56
218	56.34
217	56.26
216	56.43
215	56.13
214	55.18
213	55.18
212	54.67
211	55.05
210	54.88
209	53.72
208	53.72
207	53.56
206	54.09
205	53.47
204	52.23
203	52.51
202	52.39
201	52.71
200	51.84
199	51.37
198	51.10
197	51.14
196	51.33
195	50.27
194	49.82
193	49.78
192	50.15
191	50.04
190	49.01
189	48.58
188	48.65
187	48.94
186	48.76
185	47.69
184	47.03
183	47.13
182	47.37
181	47.34
180	46.28
179	45.64
178	45.91
177	46.04
176	46.11
175	44.92
174	44.63
173	44.54
172	44.73
171	44.79
170	43.62
169	43.28
168	43.34
167	43.59
166	43.43
165	42.36
164	41.79
163	42.09
162	42.18
161	42.09
160	41.03
159	40.55
158	40.66
157	40.92
156	40.78
155	39.71
154	39.24
153	39.32
152	39.43
151	39.35
150	38.48
149	37.85
148	38.01
147	38.14
146	37.98
145	37.08
144	36.60
143	36.53
142	36.83
141	36.65
140	35.79
139	35.31
138	35.12
137	35.35
136	35.33
135	34.53
134	34.07
133	33.86
132	34.09
131	33.86
130	33.04
129	32.58
128	32.64
127	32.73
126	32.56
125	31.71
124	31.37
123	31.31
122	31.44
121	31.19
120	30.48
119	30.01
118	30.07
117	30.20
116	29.66
115	29.09
114	28.79
113	28.94
112	28.79
111	28.27
110	27.75
109	27.47
108	27.63
107	27.40
106	26.97
105	26.51
104	26.12
103	26.32
102	26.14
101	25.55
100	25.12
99	24.90
98	25.02
97	24.59
96	24.15
95	23.82
94	23.95
93	23.67
92	23.23
91	22.73
90	22.73
89	22.69
88	22.13
87	21.77
86	21.48
85	21.56
84	21.16
83	20.73
82	20.41
81	20.38
80	20.22
79	19.65
78	19.41
77	19.23
76	19.14
75	18.80
74	18.36
73	18.13
72	18.01
71	17.83
70	17.35
69	17.03
68	16.91
67	16.79
66	16.39
65	16.03
64	15.79
63	15.68
62	15.45
61	15.01
60	14.69
59	14.54
58	14.44
57	14.06
56	13.66
55	13.46
54	13.26
53	13.03
52	12.69
51	12.38
50	12.19
49	12.01
48	11.63
47	11.36
46	11.09
45	10.96
44	10.59
43	10.33
42	10.04
41	9.88
40	9.65
39	9.31
38	9.04
37	8.83
36	8.63
35	8.27
34	8.01
33	7.79
32	7.56
31	7.23
30	6.99
29	6.76
28	6.49
27	6.18
26	5.93
25	5.73
24	5.50
23	5.20
22	4.93
21	4.71
20	4.47
19	4.19
18	3.94
17	3.71
16	3.48
15	3.20
14	2.93
13	2.72
12	2.48
11	2.22
10	1.99
9	1.78
8	1.55
7	1.31
6	1.09
5	0.89
4	0.68
3	0.48
2	0.31
1	0.15
STEP
0	0.00
1	0.04
2	0.16
3	0.33
4	0.53
5	0.74
6	0.96
7	1.18
8	1.39
9	1.64
10	1.87
11	2.09
12	2.32
13	2.57
14	2.81
15	3.04
16	3.27
17	3.54
18	3.80
19	4.02
20	4.26
21	4.53
22	4.76
23	4.98
24	5.25
25	5.50
26	5.79
27	5.99
28	6.22
29	6.50
30	6.79
31	6.97
32	7.21
33	7.49
34	7.80
35	7.96
36	8.21
37	8.49
38	8.81
39	8.98
40	9.22
41	9.48
42	9.81
43	9.95
44	10.16
45	10.45
46	10.81
47	11.03
48	11.19
49	11.45
50	11.76
51	12.09
52	12.19
53	12.44
54	12.67
55	13.04
56	13.31
57	13.41
58	13.68
59	13.99
60	14.35
61	14.48
62	14.69
63	14.92
64	15.31
65	15.56
66	15.73
67	15.87
68	16.22
69	16.63
70	16.78
71	16.90
72	17.14
73	17.56
74	17.90
75	17.88
76	18.13
77	18.42
78	18.86
79	19.03
80	19.10
81	19.38
82	19.88
83	20.22
84	20.17
85	20.35
86	20.66
87	21.17
88	21.30
89	21.33
90	21.58
91	22.17
92	22.40
93	22.47
94	22.51
95	22.94
96	23.46
97	23.46
98	23.54
99	23.78
100	24.51
101	24.62
102	24.67
103	24.79
104	25.12
105	25.67
106	25.82
107	25.90
108	26.00
109	26.36
110	27.02
111	27.07
112	27.14
113	27.16
114	27.70
115	28.20
116	28.45
117	28.31
118	28.36
119	28.93
120	29.56
121	29.65
122	29.44
123	29.61
124	30.27
125	30.73
126	30.71
127	30.65
128	30.87
129	31.61
130	32.01
131	32.03
132	31.90
133	32.01
134	32.67
135	33.35
136	33.48
137	33.19
138	33.19
139	33.86
140	34.55
141	34.74
142	34.41
143	34.48
144	35.02
145	35.81
146	35.96
147	35.54
148	35.64
149	36.22
150	37.13
151	37.46
152	36.92
153	37.05
154	37.41
155	38.16
156	38.69
157	38.24
158	38.13
159	38.69
160	39.37
161	39.81
162	39.37
163	39.29
164	39.92
165	40.57
166	41.23
167	40.77
168	40.66
169	41.29
170	41.76
171	42.27
172	42.06
173	41.76
174	42.42
175	42.97
176	43.55
177	43.21
178	43.00
179	43.62
180	44.38
181	44.89
182	44.41
183	44.15
184	45.02
185	45.48
186	46.15
187	45.61
188	45.28
189	46.22
190	46.76
191	47.31
192	47.04
193	46.76
194	47.31
195	47.84
196	48.48
197	48.23
198	47.98
199	48.52
200	49.28
201	49.80
202	49.24
203	49.39
204	49.87
205	50.40
206	50.74
207	50.44
208	50.66
209	51.32
210	51.71
211	52.02
212	51.55
213	52.02
214	52.14
215	52.90
216	53.18
217	52.70
218	53.06
219	53.59
220	54.30
221	54.25
222	53.88
223	54.46
224	54.59
225	55.48
226	55.48
227	55.10
228	55.78
229	55.78
230	56.48
231	56.62
232	56.66
233	56.62
234	57.24
235	57.78
236	57.74
237	57.78
238	58.19
239	58.38
240	58.70
241	58.65
242	58.93
243	59.17
244	59.83
245	59.93
246	60.02
247	60.07
248	60.55
249	60.70
250	60.89
251	61.04
252	61.38
253	61.48
254	61.88
255	61.93
254	61.78
253	61.68
252	61.43
251	61.33
250	60.89
249	60.26
248	60.50
247	60.26
246	59.97
245	59.55
244	59.69
243	59.22
242	59.22
241	58.84
240	58.38
239	58.15
238	58.06
237	58.10
236	57.74
235	57.20
234	56.88
233	57.06
232	56.79
231	56.71
230	56.09
229	55.66
228	55.48
227	55.78
226	55.10
225	54.72
224	54.63
223	54.59
222	54.59
221	53.92
220	53.26
219	53.55
218	53.39
217	53.30
216	52.38
215	52.42
214	52.34
213	52.38
212	52.18
211	51.32
210	50.97
209	50.82
208	51.36
207	50.89
206	49.95
205	49.87
204	49.76
203	50.17
202	49.80
201	48.48
200	48.77
199	48.66
198	48.95
197	48.16
196	47.63
195	47.38
194	47.49
193	47.80
192	46.93
191	46.11
190	46.25
189	46.32
188	46.59
187	45.78
186	44.66
185	44.89
184	45.19
183	45.32
182	44.44
181	43.55
180	43.68
179	43.80
178	44.15
177	43.06
176	42.39
175	42.57
174	42.57
173	42.63
172	41.85
171	41.20
170	41.32
169	41.38
168	41.44
167	40.66
166	40.03
165	40.17
164	40.23
163	40.23
162	39.45
161	38.77
160	38.80
159	38.88
158	38.99
157	38.16
156	37.61
155	37.59
154	37.69
153	37.59
152	37.00
151	36.37
150	36.37
149	36.47
148	36.42
147	35.78
146	35.14
145	34.95
144	35.23
143	35.21
142	34.57
141	33.89
140	33.73
139	33.91
138	33.86
137	33.41
136	32.73
135	32.58
134	32.73
133	32.62
132	32.17
131	31.50
130	31.38
129	31.42
128	31.36
127	30.91
126	30.23
125	30.14
124	30.29
123	30.04
122	29.52
121	29.10
120	28.84
119	29.12
118	28.73
117	28.18
116	27.84
115	27.79
114	27.88
113	27.51
112	26.99
111	26.56
110	26.63
109	26.63
108	26.13
107	25.66
106	25.42
105	25.43
104	25.32
103	24.99
102	24.41
101	24.15
100	24.23
99	24.14
98	23.60
97	23.14
96	22.99
95	23.06
94	22.66
93	22.17
92	21.99
91	22.07
90	21.73
89	21.39
88	20.99
87	20.94
86	20.90
85	20.36
84	19.96
83	19.77
82	19.83
81	19.45
80	19.11
79	18.78
78	18.81
77	18.57
76	18.12
75	17.77
74	17.64
73	17.55
72	17.22
71	16.86
70	16.55
69	16.50
68	16.25
67	15.86
66	15.56
65	15.43
64	15.33
63	14.92
62	14.66
61	14.39
60	14.26
59	14.02
58	13.66
57	13.38
56	13.21
55	13.08
54	12.68
53	12.41
52	12.17
51	12.05
50	11.75
49	11.40
48	11.15
47	11.00
46	10.82
45	10.42
44	10.21
43	9.98
42	9.81
41	9.47
40	9.19
39	8.98
38	8.81
37	8.49
36	8.22
35	7.99
34	7.82
33	7.51
32	7.25
31	7.02
30	6.82
29	6.53
28	6.27
27	6.04
26	5.84
25	5.55
24	5.28
23	5.06
22	4.84
21	4.58
20	4.32
19	4.09
18	3.88
17	3.63
16	3.37
15	3.13
14	2.92
13	2.67
12	2.43
11	2.20
10	1.98
9	1.75
8	1.53
7	1.31
6	1.09
5	0.88
4	0.68
3	0.49
2	0.31
1	0.15
STEP
0	0.00
1	0.04
2	0.16
3	0.34
4	0.54
5	0.74
6	0.95
7	1.17
8	1.40
9	1.61
10	1.84
11	2.07
12	2.31
13	2.52
14	2.75
15	2.99
16	3.24
17	3.45
18	3.68
19	3.93
20	4.19
21	4.41
22	4.61
23	4.87
24	5.13
25	5.36
26	5.55
27	5.80
28	6.09
29	6.29
30	6.49
31	6.76
32	7.03
33	7.29
34	7.48
35	7.71
36	8.00
37	8.26
38	8.40
39	8.64
40	8.96
41	9.18
42	9.33
43	9.57
44	9.90
45	10.19
46	10.32
47	10.56
48	10.82
49	11.14
50	11.30
51	11.47
52	11.71
53	12.05
54	12.37
55	12.41
56	12.66
57	12.95
58	13.29
59	13.41
60	13.61
61	13.79
62	14.16
63	14.52
64	14.60
65	14.78
66	15.04
67	15.44
68	15.67
69	15.72
70	15.91
71	16.30
72	16.66
73	16.76
74	16.84
75	17.11
76	17.55
77	17.77
78	17.81
79	18.00
80	18.44
81	18.79
82	18.83
83	19.00
84	19.19
85	19.73
86	19.88
87	19.97
88	20.13
89	20.53
90	20.95
91	20.99
92	20.99
93	21.30
94	21.90
95	21.96
96	22.03
97	22.19
98	22.84
99	23.08
100	23.03
101	23.10
102	23.46
103	24.01
104	24.16
105	24.21
106	24.25
107	24.62
108	25.14
109	25.31
110	25.34
111	25.47
112	25.76
113	26.41
114	26.58
115	26.48
116	26.60
117	27.04
118	27.57
119	27.68
120	27.63
121	27.77
122	28.18
123	28.67
124	28.92
125	28.79
126	28.78
127	29.43
128	29.89
129	29.97
130	29.93
131	29.91
132	30.56
133	31.02
134	31.28
135	30.96
136	31.10
137	31.86
138	32.26
139	32.41
140	32.05
141	32.14
142	32.93
143	33.46
144	33.64
145	33.30
146	33.42
147	34.09
148	34.64
149	34.81
150	34.48
151	34.69
152	35.18
153	35.76
154	36.15
155	35.59
156	35.61
157	36.30
158	36.92
159	37.33
160	36.87
161	36.87
162	37.35
163	38.11
164	38.40
165	37.95
166	38.13
167	38.66
168	39.21
169	39.76
170	39.07
171	38.99
172	39.70
173	40.29
174	40.77
175	40.46
176	40.29
177	40.80
178	41.47
179	41.94
180	41.56
181	41.59
182	41.85
183	42.57
184	43.13
185	42.70
186	42.70
187	43.22
188	43.66
189	44.26
190	43.84
191	43.81
192	44.45
193	44.94
194	45.36
195	44.94
196	45.20
197	45.40
198	46.03
199	46.44
200	46.10
201	46.10
202	46.68
203	47.30
204	47.47
205	46.99
206	47.33
207	47.72
208	48.40
209	48.65
210	47.97
211	48.51
212	49.02
213	49.68
214	49.72
215	49.16
216	49.75
217	50.09
218	50.78
219	50.74
220	50.55
221	50.59
222	51.16
223	51.75
224	51.91
225	51.59
226	51.95
227	52.27
228	52.79
229	52.75
230	52.67
231	53.15
232	53.48
233	53.85
234	53.77
235	54.10
236	54.06
237	54.74
238	54.91
239	54.74
240	55.12
241	55.34
242	55.77
243	55.99
244	55.86
245	56.08
246	56.65
247	56.74
248	56.92
249	57.23
250	57.46
251	57.60
252	57.73
253	57.92
254	57.78
255	58.38
254	58.24
253	57.87
252	57.78
251	57.64
250	57.10
249	56.92
248	56.92
247	56.79
246	56.16
245	56.56
244	56.16
243	55.86
242	55.29
241	55.25
240	55.16
239	55.08
238	54.78
237	54.36
236	54.15
235	54.10
234	54.06
233	53.69
232	53.28
231	52.87
230	53.03
229	53.07
228	52.75
227	51.91
226	52.11
225	51.71
224	51.79
223	51.51
222	50.89
221	50.78
220	50.59
219	50.70
218	50.17
217	49.75
216	49.57
215	49.49
214	49.68
213	48.80
212	48.51
211	48.47
210	48.76
209	48.61
208	47.83
207	47.44
206	47.37
205	47.68
204	47.33
203	46.40
202	46.40
201	46.33
200	46.50
199	46.23
198	45.30
197	45.36
196	45.07
195	45.36
194	45.16
193	44.23
192	44.03
191	44.00
190	44.26
189	43.94
188	42.94
187	43.03
186	42.91
185	43.19
184	42.64
183	41.73
182	41.85
181	41.85
180	42.00
179	41.47
178	40.72
177	40.80
176	40.74
175	40.83
174	40.26
173	39.56
172	39.31
171	39.45
170	39.76
169	39.18
168	38.40
167	38.45
166	38.29
165	38.48
164	37.98
163	37.33
162	37.25
161	37.28
160	37.30
159	36.90
158	36.22
157	35.91
156	36.03
155	36.27
154	35.76
153	35.09
152	34.83
151	34.90
150	34.99
149	34.67
148	33.89
147	33.73
146	33.73
145	33.84
144	33.53
143	32.76
142	32.39
141	32.43
140	32.54
139	32.24
138	31.59
137	31.30
136	31.38
135	31.43
134	31.10
133	30.52
132	30.06
131	30.24
130	30.36
129	29.85
128	29.24
127	28.98
126	29.24
125	29.15
124	28.68
123	28.16
122	27.80
121	28.10
120	27.94
119	27.42
118	26.95
117	26.82
116	26.95
115	26.73
114	26.25
113	25.82
112	25.62
111	25.81
110	25.55
109	25.02
108	24.65
107	24.57
106	24.62
105	24.37
104	23.88
103	23.46
102	23.45
101	23.43
100	23.05
99	22.66
98	22.41
97	22.40
96	22.31
95	21.83
94	21.45
93	21.35
92	21.38
91	20.97
90	20.52
89	20.29
88	20.38
87	20.03
86	19.64
85	19.38
84	19.30
83	19.23
82	18.79
81	18.40
80	18.22
79	18.24
78	17.91
77	17.57
76	17.25
75	17.23
74	17.10
73	16.59
72	16.37
71	16.20
70	16.14
69	15.76
68	15.46
67	15.22
66	15.12
65	14.92
64	14.53
63	14.24
62	14.10
61	13.98
60	13.68
59	13.38
58	13.14
57	13.03
56	12.76
55	12.44
54	12.16
53	12.01
52	11.85
51	11.50
50	11.24
49	11.02
48	10.89
47	10.63
46	10.32
45	10.06
44	9.90
43	9.73
42	9.40
41	9.15
40	8.96
39	8.79
38	8.43
37	8.21
36	8.01
35	7.82
34	7.50
33	7.27
32	7.06
31	6.87
30	6.56
29	6.34
28	6.13
27	5.92
26	5.63
25	5.39
24	5.18
23	4.98
22	4.71
21	4.46
20	4.25
19	4.02
18	3.77
17	3.54
16	3.32
15	3.09
14	2.85
13	2.62
12	2.40
11	2.18
10	1.96
9	1.72
8	1.52
7	1.30
6	1.09
5	0.88
4	0.69
3	0.49
2	0.31
1	0.16
STEP
0	0.00
1	0.04
2	0.17
3	0.34
4	0.54
5	0.74
6	0.95
7	1.17
8	1.37
9	1.60
10	1.82
11	2.05
12	2.25
13	2.47
14	2.72
15	2.95
16	3.15
17	3.38
18	3.63
19	3.86
20	4.06
21	4.29
22	4.54
23	4.79
24	4.98
25	5.20
26	5.44
27	5.69
28	5.87
29	6.08
30	6.34
31	6.61
32	6.81
33	7.01
34	7.25
35	7.55
36	7.75
37	7.95
38	8.16
39	8.46
40	8.65
41	8.84
42	9.06
43	9.38
44	9.57
45	9.73
46	9.92
47	10.25
48	10.50
49	10.66
50	10.84
51	11.12
52	11.43
53	11.56
54	11.78
55	11.95
56	12.33
57	12.52
58	12.68
59	12.83
60	13.13
61	13.48
62	13.62
63	13.71
64	13.97
65	14.36
66	14.61
67	14.66
68	14.87
69	15.11
70	15.54
71	15.61
72	15.80
73	15.94
74	16.36
75	16.67
76	16.63
77	16.84
78	17.09
79	17.53
80	17.65
81	17.81
82	17.93
83	18.43
84	18.69
85	18.77
86	18.80
87	19.09
88	19.58
89	19.64
90	19.76
91	19.92
92	20.38
93	20.71
94	20.71
95	20.77
96	21.14
97	21.67
98	21.64
99	21.62
100	21.92
101	22.43
102	22.69
103	22.77
104	22.80
105	22.88
106	23.51
107	23.86
108	23.85
109	23.86
110	23.96
111	24.65
112	24.93
113	24.93
114	24.87
115	25.14
116	25.76
117	26.04
118	26.02
119	25.94
120	26.26
121	26.95
122	27.20
123	26.96
124	27.08
125	27.43
126	27.94
127	28.17
128	27.99
129	28.15
130	28.51
131	29.12
132	29.23
133	29.12
134	29.21
135	29.67
136	30.25
137	30.38
138	30.11
139	30.21
140	30.72
141	31.29
142	31.51
143	31.25
144	31.31
145	31.82
146	32.37
147	32.82
148	32.29
149	32.33
150	32.87
151	33.60
152	33.86
153	33.46
154	33.46
155	34.00
156	34.51
157	34.88
158	34.55
159	34.48
160	35.04
161	35.54
162	35.98
163	35.76
164	35.57
165	36.00
166	36.62
167	37.05
168	36.75
169	36.72
170	37.23
171	37.67
172	38.19
173	37.87
174	37.72
175	38.22
176	38.70
177	39.35
178	38.91
179	38.75
180	39.27
181	39.73
182	40.27
183	40.27
184	39.96
185	40.44
186	40.72
187	41.54
188	41.30
189	41.01
190	41.48
191	41.95
192	42.56
193	42.35
194	41.95
195	42.47
196	42.96
197	43.64
198	43.33
199	43.24
200	43.52
201	43.93
202	44.60
203	44.41
204	44.09
205	44.73
206	45.12
207	45.62
208	45.26
209	45.39
210	45.99
211	46.40
212	46.60
213	46.19
214	46.64
215	46.71
216	47.33
217	47.54
218	47.19
219	47.58
220	47.69
221	48.55
222	48.69
223	47.97
224	48.62
225	48.84
226	49.58
227	49.65
228	49.36
229	49.65
230	49.96
231	50.45
232	50.56
233	50.56
234	50.80
235	50.80
236	51.50
237	51.70
238	51.50
239	51.77
240	52.01
241	52.45
242	52.58
243	52.86
244	52.78
245	52.98
246	53.35
247	53.39
248	53.56
249	53.81
250	54.19
251	54.27
252	54.61
253	54.61
254	54.87
255	55.00
254	55.00
253	54.70
252	54.40
251	54.36
250	54.10
249	53.89
248	53.68
247	53.52
246	53.02
245	53.15
244	52.94
243	52.45
242	52.37
241	52.50
240	52.17
239	51.93
238	51.50
237	51.38
236	51.26
235	51.30
234	50.99
233	50.22
232	50.41
231	50.22
230	50.18
229	49.58
228	49.51
227	49.17
226	49.39
225	49.10
224	48.29
223	48.33
222	48.26
221	48.33
220	48.19
219	47.30
218	47.05
217	47.30
216	47.58
215	47.05
214	46.09
213	46.43
212	45.92
211	46.50
210	46.02
209	45.12
208	45.22
207	45.02
206	45.42
205	44.67
204	44.12
203	44.02
202	44.34
201	44.31
200	43.49
199	43.20
198	42.99
197	43.27
196	43.11
195	42.44
194	42.01
193	42.10
192	42.22
191	42.16
190	41.45
189	40.81
188	41.07
187	41.16
186	41.16
185	40.13
184	39.79
183	39.76
182	40.13
181	40.04
180	39.05
179	38.72
178	38.78
177	38.94
176	38.94
175	38.06
174	37.74
173	37.74
172	37.90
171	37.93
170	37.00
169	36.70
168	36.75
167	36.90
166	36.90
165	36.00
164	35.40
163	35.52
162	35.81
161	35.81
160	34.93
159	34.39
158	34.51
157	34.67
156	34.60
155	33.96
154	33.31
153	33.31
152	33.66
151	33.51
150	32.91
149	32.24
148	32.22
147	32.39
146	32.31
145	31.66
144	31.18
143	31.18
142	31.29
141	31.37
140	30.60
139	30.19
138	30.05
137	30.29
136	30.25
135	29.38
134	29.08
133	29.12
132	29.29
131	28.99
130	28.33
129	28.08
128	28.10
127	28.17
126	27.79
125	27.24
124	26.95
123	27.10
122	27.02
121	26.71
120	26.12
119	25.79
118	26.00
117	25.97
116	25.49
115	25.05
114	24.82
113	25.04
112	24.88
111	24.43
110	24.02
109	23.79
108	23.94
107	23.76
106	23.24
105	22.87
104	22.80
103	22.82
102	22.53
101	22.16
100	21.72
99	21.72
98	21.75
97	21.32
96	20.97
95	20.69
94	20.78
93	20.56
92	20.10
91	19.86
90	19.87
89	19.72
88	19.36
87	18.97
86	18.81
85	18.90
84	18.45
83	18.11
82	17.90
81	17.89
80	17.67
79	17.30
78	16.97
77	16.87
76	16.84
75	16.48
74	16.14
73	15.88
72	15.89
71	15.66
70	15.28
69	15.04
68	14.92
67	14.84
66	14.44
65	14.16
64	13.95
63	13.90
62	13.57
61	13.32
60	13.04
59	12.92
58	12.82
57	12.45
56	12.17
55	11.98
54	11.85
53	11.58
52	11.28
51	11.06
50	10.92
49	10.75
48	10.43
47	10.20
46	10.00
45	9.87
44	9.55
43	9.27
42	9.08
41	8.93
40	8.62
39	8.41
38	8.17
37	8.04
36	7.78
35	7.52
34	7.28
33	7.12
32	6.85
31	6.57
30	6.39
29	6.19
28	5.93
27	5.68
26	5.49
25	5.29
24	5.06
23	4.82
22	4.58
21	4.39
20	4.16
19	3.93
18	3.68
17	3.49
16	3.26
15	3.00
14	2.80
13	2.60
12	2.37
11	2.14
10	1.92
9	1.72
8	1.51
7	1.28
6	1.09
5	0.88
4	0.68
3	0.50
2	0.32
1	0.16
STEP
0	0.00
1	0.05
2	0.17
3	0.35
4	0.54
5	0.75
6	0.95
7	1.15
8	1.37
9	1.59
10	1.80
11	2.01
12	2.23
13	2.46
14	2.66
15	2.88
16	3.11
17	3.34
18	3.54
19	3.75
20	3.99
21	4.24
22	4.43
23	4.64
24	4.86
25	5.10
26	5.28
27	5.49
28	5.74
29	5.98
30	6.19
31	6.37
32	6.60
33	6.86
34	7.08
35	7.27
36	7.48
37	7.76
38	7.95
39	8.14
40	8.35
41	8.64
42	8.82
43	8.98
44	9.18
45	9.47
46	9.65
47	9.84
48	10.07
49	10.33
50	10.63
51	10.70
52	10.88
53	11.17
54	11.46
55	11.61
56	11.75
57	11.95
58	12.26
59	12.56
60	12.59
61	12.80
62	13.03
63	13.40
64	13.56
65	13.68
66	13.87
67	14.16
68	14.50
69	14.53
70	14.74
71	14.89
72	15.31
73	15.52
74	15.53
75	15.75
76	16.11
77	16.37
78	16.46
79	16.52
80	16.80
81	17.25
82	17.43
83	17.45
84	17.64
85	17.96
86	18.33
87	18.38
88	18.40
89	18.66
90	19.20
91	19.29
92	19.32
93	19.44
94	19.91
95	20.25
96	20.23
97	20.24
98	20.59
99	21.06
100	21.12
101	21.15
102	21.32
103	21.72
104	22.10
105	22.12
106	22.16
107	22.36
108	22.75
109	23.24
110	23.24
111	23.17
112	23.38
113	23.87
114	24.19
115	24.23
116	24.20
117	24.37
118	24.84
119	25.21
120	25.32
121	25.25
122	25.28
123	26.00
124	26.33
125	26.31
126	26.11
127	26.39
128	26.99
129	27.26
130	27.35
131	27.15
132	27.44
133	27.98
134	28.35
135	28.21
136	28.16
137	28.52
138	29.09
139	29.35
140	29.18
141	29.14
142	29.54
143	30.06
144	30.55
145	30.21
146	30.13
147	30.55
148	31.17
149	31.52
150	31.17
151	31.15
152	31.66
153	32.18
154	32.50
155	32.35
156	32.27
157	32.42
158	33.18
159	33.60
160	33.38
161	33.18
162	33.53
163	34.19
164	34.60
165	34.39
166	34.16
167	34.49
168	35.02
169	35.62
170	35.57
171	35.24
172	35.55
173	35.98
174	36.50
175	36.50
176	36.21
177	36.53
178	36.88
179	37.44
180	37.78
181	37.24
182	37.44
183	37.78
184	38.57
185	38.71
186	38.28
187	38.57
188	38.95
189	39.42
190	39.75
191	39.31
192	39.53
193	39.86
194	40.63
195	40.68
196	40.28
197	40.40
198	41.06
199	41.53
200	41.68
201	41.26
202	41.56
203	41.89
204	42.49
205	42.58
206	42.10
207	42.61
208	42.86
209	43.61
210	43.54
211	43.20
212	43.54
213	43.93
214	44.54
215	44.28
216	44.28
217	44.63
218	44.90
219	45.36
220	45.26
221	45.23
222	45.56
223	46.07
224	46.27
225	46.13
226	46.20
227	46.48
228	47.00
229	47.17
230	46.82
231	47.14
232	47.63
233	48.17
234	48.06
235	48.06
236	48.39
237	48.50
238	49.09
239	48.97
240	48.94
241	49.23
242	49.35
243	49.84
244	49.99
245	50.14
246	50.06
247	50.52
248	50.64
249	50.83
250	50.99
251	51.19
252	51.42
253	51.62
254	51.70
255	51.78
254	51.66
253	51.66
252	51.34
251	50.83
250	50.99
249	50.83
248	50.68
247	50.45
246	50.25
245	49.84
244	49.68
243	49.80
242	49.50
241	49.09
240	49.09
239	48.90
238	48.90
237	48.61
236	48.13
235	48.10
234	47.88
233	47.88
232	47.74
231	47.21
230	46.89
229	46.75
228	47.00
227	46.72
226	46.13
225	46.10
224	45.86
223	46.00
222	45.59
221	45.16
220	44.93
219	45.26
218	45.09
217	44.37
216	44.31
215	44.34
214	44.28
213	44.15
212	43.42
211	43.20
210	43.11
209	43.42
208	43.23
207	42.31
206	42.31
205	42.19
204	42.58
203	42.19
202	41.15
201	41.38
200	41.23
199	41.59
198	40.94
197	40.37
196	40.25
195	40.37
194	40.65
193	39.92
192	39.31
191	39.39
190	39.42
189	39.69
188	38.95
187	38.28
186	38.20
185	38.44
184	38.71
183	37.99
182	37.13
181	37.31
180	37.31
179	37.49
178	37.06
177	36.18
176	36.28
175	36.43
174	36.48
173	35.98
172	35.24
171	35.31
170	35.40
169	35.50
168	35.05
167	34.37
166	34.14
165	34.28
164	34.32
163	34.07
162	33.38
161	33.40
160	33.33
159	33.46
158	33.04
157	32.37
156	32.12
155	32.23
154	32.33
153	32.10
152	31.39
151	31.19
150	31.23
149	31.31
148	31.09
147	30.47
146	30.11
145	30.27
144	30.27
143	30.04
142	29.33
141	29.14
140	29.27
139	29.26
138	28.86
137	28.35
136	28.16
135	28.28
134	28.26
133	27.93
132	27.33
131	27.04
130	27.28
129	27.23
128	26.69
127	26.26
126	26.16
125	26.26
124	26.16
123	25.73
122	25.32
121	25.07
120	25.36
119	25.22
118	24.61
117	24.23
116	24.23
115	24.32
114	24.03
113	23.58
112	23.32
111	23.27
110	23.29
109	23.00
108	22.48
107	22.25
106	22.29
105	22.22
104	21.94
103	21.50
102	21.21
101	21.29
100	21.24
99	20.80
98	20.45
97	20.17
96	20.35
95	20.04
94	19.65
93	19.38
92	19.44
91	19.37
90	18.83
89	18.59
88	18.42
87	18.45
86	18.18
85	17.76
84	17.54
83	17.57
82	17.35
81	16.99
80	16.70
79	16.67
78	16.57
77	16.20
76	15.87
75	15.73
74	15.73
73	15.37
72	15.14
71	14.85
70	14.81
69	14.69
68	14.28
67	14.01
66	13.88
65	13.81
64	13.49
63	13.23
62	13.01
61	12.91
60	12.66
59	12.41
58	12.14
57	11.99
56	11.87
55	11.61
54	11.30
53	11.12
52	10.97
51	10.76
50	10.53
49	10.25
48	10.10
47	9.94
46	9.66
45	9.43
44	9.23
43	9.09
42	8.80
41	8.58
40	8.38
39	8.19
38	7.92
37	7.70
36	7.51
35	7.34
34	7.07
33	6.84
32	6.66
31	6.47
30	6.21
29	6.00
28	5.80
27	5.60
26	5.36
25	5.13
24	4.92
23	4.72
22	4.48
21	4.25
20	4.05
19	3.86
18	3.64
17	3.39
16	3.18
15	2.99
14	2.76
13	2.54
12	2.32
11	2.12
10	1.91
9	1.70
8	1.49
7	1.29
6	1.07
5	0.89
4	0.69
3	0.50
2	0.32
1	0.16
STEP
0	0.00
1	0.05
2	0.17
3	0.35
4	0.54
5	0.74
6	0.95
7	1.16
8	1.36
9	1.57
10	1.78
11	1.99
12	2.20
13	2.41
14	2.63
15	2.85
16	3.04
17	3.26
18	3.49
19	3.71
20	3.90
21	4.10
22	4.34
23	4.56
24	4.75
25	4.96
26	5.17
27	5.39
28	5.57
29	5.77
30	6.01
31	6.23
32	6.43
33	6.62
34	6.84
35	7.08
36	7.29
37	7.48
38	7.66
39	7.95
40	8.13
41	8.30
42	8.48
43	8.76
44	8.94
45	9.06
46	9.28
47	9.59
48	9.79
49	9.93
50	10.11
51	10.39
52	10.64
53	10.75
54	10.95
55	11.18
56	11.49
57	11.60
58	11.78
59	11.94
60	12.21
61	12.53
62	12.59
63	12.75
64	12.96
65	13.33
66	13.47
67	13.55
68	13.76
69	14.03
70	14.36
71	14.38
72	14.58
73	14.74
74	15.13
75	15.29
76	15.39
77	15.55
78	15.86
79	16.17
80	16.19
81	16.32
82	16.55
83	16.93
84	17.06
85	17.16
86	17.26
87	17.70
88	17.95
89	18.02
90	18.08
91	18.31
92	18.77
93	18.86
94	18.89
95	19.06
96	19.56
97	19.74
98	19.73
99	19.87
100	20.13
101	20.55
102	20.73
103	20.64
104	20.78
105	21.21
106	21.58
107	21.69
108	21.60
109	21.75
110	22.15
111	22.61
112	22.63
113	22.57
114	22.72
115	23.20
116	23.57
117	23.57
118	23.51
119	23.65
120	24.16
121	24.49
122	24.52
123	24.50
124	24.64
125	25.11
126	25.45
127	25.56
128	25.42
129	25.53
130	26.03
131	26.45
132	26.50
133	26.37
134	26.61
135	27.05
136	27.41
137	27.44
138	27.32
139	27.57
140	28.00
141	28.38
142	28.38
143	28.22
144	28.49
145	29.09
146	29.39
147	29.28
148	29.20
149	29.52
150	30.00
151	30.39
152	30.27
153	30.12
154	30.45
155	30.91
156	31.31
157	31.21
158	31.05
159	31.33
160	31.81
161	32.21
162	32.27
163	31.93
164	32.29
165	32.72
166	33.14
167	33.25
168	32.98
169	33.29
170	33.65
171	34.15
172	34.17
173	33.85
174	34.19
175	34.49
176	35.13
177	35.32
178	34.96
179	35.20
180	35.53
181	35.99
182	36.26
183	35.82
184	35.87
185	36.46
186	36.99
187	37.25
188	36.92
189	36.99
190	37.27
191	37.90
192	38.13
193	37.90
194	38.03
195	38.19
196	38.75
197	39.02
198	38.80
199	38.94
200	39.08
201	39.57
202	39.97
203	39.68
204	39.57
205	40.11
206	40.68
207	40.91
208	40.33
209	40.71
210	40.97
211	41.77
212	41.80
213	41.23
214	41.65
215	42.07
216	42.62
217	42.59
218	42.37
219	42.68
220	42.68
221	43.46
222	43.39
223	43.24
224	43.49
225	43.65
226	44.32
227	44.06
228	44.23
229	44.55
230	44.81
231	45.08
232	44.98
233	45.21
234	45.24
235	45.95
236	45.95
237	45.88
238	46.12
239	46.29
240	46.71
241	46.78
242	46.68
243	46.96
244	47.10
245	47.63
246	47.67
247	47.74
248	47.67
249	47.88
250	48.28
251	48.46
252	48.65
253	48.76
254	48.94
255	49.13
254	48.94
253	48.79
252	48.61
251	48.46
250	48.32
249	48.13
248	47.70
247	47.81
246	47.63
245	47.56
244	47.34
243	46.89
242	46.99
241	46.57
240	46.61
239	46.36
238	45.99
237	45.88
236	45.71
235	45.71
234	45.21
233	45.14
232	44.85
231	44.88
230	44.91
229	44.13
228	44.16
227	44.03
226	44.26
225	44.00
224	43.33
223	43.27
222	43.21
221	43.39
220	43.08
219	42.49
218	42.19
217	42.34
216	42.49
215	42.16
214	41.47
213	41.35
212	41.50
211	41.56
210	41.09
209	40.62
208	40.56
207	40.59
206	40.74
205	40.16
204	39.68
203	39.68
202	39.80
201	39.68
200	39.02
199	38.86
198	38.62
197	38.80
196	38.80
195	38.11
194	37.92
193	37.79
192	38.00
191	37.95
190	37.12
189	36.87
188	36.89
187	36.97
186	36.94
185	36.12
184	36.02
183	35.97
182	36.12
181	36.02
180	35.15
179	34.87
178	34.89
177	35.05
176	35.15
175	34.24
174	33.94
173	34.01
172	34.21
171	34.33
170	33.51
169	32.98
168	33.05
167	33.18
166	33.20
165	32.61
164	32.06
163	32.19
162	32.21
161	32.27
160	31.68
159	31.17
158	30.95
157	31.29
156	31.29
155	30.71
154	30.12
153	30.08
152	30.37
151	30.33
150	29.64
149	29.22
148	29.17
147	29.30
146	29.45
145	28.70
144	28.25
143	28.27
142	28.50
141	28.41
140	27.76
139	27.36
138	27.19
137	27.53
136	27.41
135	26.87
134	26.33
133	26.29
132	26.58
131	26.33
130	25.78
129	25.47
128	25.55
127	25.66
126	25.36
125	24.82
124	24.46
123	24.61
122	24.65
121	24.26
120	23.78
119	23.57
118	23.68
117	23.61
116	23.27
115	22.88
114	22.55
113	22.74
112	22.66
111	22.32
110	21.86
109	21.66
108	21.78
107	21.67
106	21.36
105	20.96
104	20.68
103	20.89
102	20.73
101	20.26
100	19.95
99	19.73
98	19.87
97	19.58
96	19.22
95	18.95
94	19.01
93	18.92
92	18.56
91	18.14
90	18.14
89	18.08
88	17.81
87	17.46
86	17.19
85	17.34
84	17.06
83	16.80
82	16.47
81	16.39
80	16.32
79	15.96
78	15.66
77	15.49
76	15.54
75	15.18
74	14.91
73	14.70
72	14.63
71	14.46
70	14.20
69	13.88
68	13.77
67	13.70
66	13.39
65	13.16
64	12.90
63	12.85
62	12.66
61	12.36
60	12.11
59	11.99
58	11.89
57	11.54
56	11.37
55	11.12
54	11.04
53	10.81
52	10.53
51	10.33
50	10.18
49	10.03
48	9.74
47	9.52
46	9.35
45	9.23
44	8.94
43	8.68
42	8.52
41	8.37
40	8.10
39	7.88
38	7.71
37	7.55
36	7.29
35	7.07
34	6.89
33	6.73
32	6.46
31	6.24
30	6.05
29	5.89
28	5.65
27	5.43
26	5.23
25	5.03
24	4.79
23	4.57
22	4.39
21	4.20
20	3.97
19	3.76
18	3.55
17	3.36
16	3.14
15	2.92
14	2.71
13	2.51
12	2.31
11	2.09
10	1.88
9	1.69
8	1.47
7	1.28
6	1.08
5	0.89
4	0.69
3	0.50
2	0.33
1	0.16
STEP
0	0.00
1	0.05
2	0.18
3	0.35
4	0.54
5	0.75
6	0.95
7	1.14
8	1.36
9	1.57
10	1.76
11	1.97
12	2.18
13	2.39
14	2.58
15	2.79
16	3.01
17	3.22
18	3.40
19	3.61
20	3.83
21	4.05
22	4.23
23	4.44
24	4.64
25	4.86
26	5.03
27	5.24
28	5.44
29	5.68
30	5.86
31	6.04
32	6.24
33	6.48
34	6.68
35	6.84
36	7.04
37	7.28
38	7.47
39	7.63
40	7.83
41	8.12
42	8.28
43	8.40
44	8.61
45	8.88
46	9.09
47	9.22
48	9.41
49	9.67
50	9.88
51	9.98
52	10.16
53	10.45
54	10.70
55	10.82
56	10.95
57	11.16
58	11.50
59	11.65
60	11.72
61	11.92
62	12.16
63	12.47
64	12.57
65	12.72
66	12.89
67	13.19
68	13.48
69	13.49
70	13.64
71	13.85
72	14.19
73	14.31
74	14.38
75	14.56
76	14.95
77	15.15
78	15.21
79	15.28
80	15.54
81	15.94
82	15.97
83	16.07
84	16.25
85	16.68
86	16.88
87	16.87
88	17.00
89	17.32
90	17.65
91	17.65
92	17.78
93	17.90
94	18.35
95	18.54
96	18.51
97	18.66
98	19.04
99	19.40
100	19.37
101	19.40
102	19.56
103	20.02
104	20.27
105	20.22
106	20.32
107	20.48
108	20.93
109	21.27
110	21.23
111	21.22
112	21.41
113	21.93
114	22.17
115	22.14
116	22.14
117	22.29
118	22.84
119	23.13
120	23.05
121	22.96
122	23.27
123	23.81
124	24.04
125	23.82
126	23.87
127	24.19
128	24.68
129	24.89
130	24.71
131	24.74
132	25.06
133	25.67
134	25.92
135	25.59
136	25.63
137	26.03
138	26.52
139	26.80
140	26.47
141	26.49
142	26.92
143	27.43
144	27.66
145	27.36
146	27.38
147	27.78
148	28.31
149	28.60
150	28.33
151	28.36
152	28.67
153	29.17
154	29.60
155	29.24
156	29.24
157	29.51
158	30.22
159	30.49
160	30.12
161	30.08
162	30.59
163	31.03
164	31.40
165	31.03
166	31.07
167	31.32
168	31.92
169	32.32
170	31.86
171	31.96
172	32.36
173	32.77
174	33.14
175	32.75
176	32.75
177	33.17
178	33.81
179	34.06
180	33.59
181	33.61
182	33.99
183	34.50
184	34.97
185	34.62
186	34.62
187	34.99
188	35.35
189	35.86
190	35.50
191	35.45
192	35.76
193	36.20
194	36.70
195	36.35
196	36.30
197	36.63
198	37.19
199	37.55
200	37.14
201	37.27
202	37.60
203	38.00
204	38.40
205	38.02
206	38.16
207	38.40
208	39.05
209	39.18
210	38.86
211	39.18
212	39.46
213	39.83
214	40.02
215	39.66
216	39.97
217	40.08
218	40.80
219	40.77
220	40.48
221	40.83
222	41.09
223	41.66
224	41.57
225	41.30
226	41.63
227	41.84
228	42.38
229	42.45
230	42.20
231	42.35
232	42.79
233	43.19
234	43.22
235	43.16
236	43.51
237	43.64
238	43.99
239	44.05
240	43.96
241	44.12
242	44.38
243	44.74
244	44.91
245	44.71
246	44.97
247	45.31
248	45.48
249	45.38
250	45.75
251	45.99
252	46.06
253	46.23
254	46.37
255	46.47
254	46.09
253	46.23
252	46.06
251	45.65
250	45.82
249	45.65
248	45.51
247	45.31
246	45.21
245	45.07
244	44.64
243	44.77
242	44.58
241	44.15
240	44.02
239	43.86
238	43.96
237	43.70
236	43.16
235	43.32
234	43.07
233	43.10
232	42.63
231	42.57
230	42.20
229	42.26
228	42.26
227	41.81
226	41.54
225	41.48
224	41.69
223	41.39
222	40.77
221	40.71
220	40.68
219	40.95
218	40.60
217	39.74
216	40.00
215	39.88
214	40.11
213	39.77
212	39.02
211	39.18
210	38.83
209	39.21
208	38.94
207	38.10
206	38.16
205	38.05
204	38.34
203	37.89
202	37.32
201	37.42
200	37.29
199	37.50
198	36.98
197	36.33
196	36.33
195	36.45
194	36.65
193	36.11
192	35.47
191	35.57
190	35.64
189	35.76
188	35.23
187	34.66
186	34.50
185	34.64
184	34.92
183	34.36
182	33.77
181	33.84
180	33.72
179	33.99
178	33.52
177	32.90
176	32.82
175	32.75
174	33.10
173	32.62
172	32.04
171	31.98
170	31.96
169	32.09
168	31.81
167	31.15
166	31.18
165	31.09
164	31.18
163	30.91
162	30.16
161	30.14
160	30.26
159	30.32
158	29.89
157	29.30
156	29.28
155	29.36
154	29.38
153	28.93
152	28.47
151	28.45
150	28.55
149	28.51
148	28.04
147	27.57
146	27.47
145	27.62
144	27.57
143	27.17
142	26.59
141	26.62
140	26.75
139	26.67
138	26.13
137	25.78
136	25.78
135	25.84
134	25.81
133	25.27
132	24.93
131	24.77
130	25.00
129	24.83
128	24.41
127	23.95
126	23.94
125	24.07
124	23.92
123	23.38
122	23.06
121	23.07
120	23.13
119	22.92
118	22.51
117	22.13
116	22.19
115	22.21
114	21.96
113	21.56
112	21.32
111	21.34
110	21.34
109	21.02
108	20.66
107	20.35
106	20.51
105	20.41
104	20.01
103	19.69
102	19.50
101	19.62
100	19.46
99	19.11
98	18.73
97	18.59
96	18.73
95	18.44
94	18.11
93	17.86
92	17.87
91	17.79
90	17.45
89	17.10
88	17.06
87	17.00
86	16.69
85	16.42
84	16.18
83	16.28
82	16.02
81	15.71
80	15.46
79	15.40
78	15.35
77	14.92
76	14.73
75	14.57
74	14.54
73	14.27
72	13.99
71	13.76
70	13.79
69	13.54
68	13.31
67	13.03
66	12.90
65	12.81
64	12.52
63	12.32
62	12.08
61	12.02
60	11.83
59	11.50
58	11.33
57	11.19
56	11.11
55	10.77
54	10.62
53	10.37
52	10.29
51	10.06
50	9.80
49	9.59
48	9.47
47	9.32
46	9.01
45	8.82
44	8.69
43	8.54
42	8.27
41	8.07
40	7.91
39	7.75
38	7.46
37	7.26
36	7.12
35	6.94
34	6.68
33	6.47
32	6.31
31	6.12
30	5.89
29	5.69
28	5.52
27	5.33
26	5.07
25	4.89
24	4.72
23	4.53
22	4.30
21	4.09
20	3.90
19	3.71
18	3.48
17	3.28
16	3.09
15	2.90
14	2.67
13	2.47
12	2.27
11	2.08
10	1.85
9	1.66
8	1.47
7	1.27
6	1.08
5	0.88
4	0.69
3	0.51
2	0.33
1	0.17
STEP
0	0.00
1	0.05
2	0.18
3	0.36
4	0.55
5	0.75
6	0.95
7	1.15
8	1.35
9	1.54
10	1.75
11	1.94
12	2.13
13	2.34
14	2.56
15	2.75
16	2.95
17	3.15
18	3.36
19	3.56
20	3.74
21	3.94
22	4.17
23	4.35
24	4.54
25	4.74
26	4.95
27	5.14
28	5.30
29	5.52
30	5.74
31	5.94
32	6.09
33	6.29
34	6.51
35	6.73
36	6.85
37	7.06
38	7.28
39	7.52
40	7.63
41	7.81
42	8.04
43	8.28
44	8.39
45	8.56
46	8.79
47	9.06
48	9.14
49	9.30
50	9.52
51	9.78
52	9.89
53	10.06
54	10.25
55	10.50
56	10.70
57	10.82
58	10.99
59	11.21
60	11.47
61	11.57
62	11.70
63	11.87
64	12.17
65	12.38
66	12.45
67	12.59
68	12.81
69	13.14
70	13.26
71	13.35
72	13.52
73	13.81
74	14.06
75	14.10
76	14.19
77	14.44
78	14.80
79	14.84
80	14.96
81	15.09
82	15.51
83	15.63
84	15.70
85	15.75
86	16.18
87	16.42
88	16.50
89	16.50
90	16.69
91	17.18
92	17.17
93	17.28
94	17.37
95	17.77
96	18.08
97	18.04
98	18.06
99	18.36
100	18.74
101	18.90
102	18.82
103	18.92
104	19.30
105	19.67
106	19.78
107	19.68
108	19.79
109	20.17
110	20.53
111	20.65
112	20.62
113	20.61
114	21.01
115	21.37
116	21.56
117	21.46
118	21.45
119	21.84
120	22.31
121	22.41
122	22.23
123	22.31
124	22.81
125	23.14
126	23.25
127	23.21
128	23.13
129	23.63
130	23.99
131	24.12
132	23.99
133	24.08
134	24.46
135	24.83
136	25.00
137	24.88
138	24.87
139	25.29
140	25.69
141	25.92
142	25.67
143	25.65
144	26.05
145	26.61
146	26.81
147	26.53
148	26.51
149	26.91
150	27.54
151	27.80
152	27.32
153	27.35
154	27.82
155	28.37
156	28.68
157	28.28
158	28.24
159	28.60
160	29.16
161	29.46
162	29.08
163	29.25
164	29.44
165	30.03
166	30.26
167	29.91
168	30.01
169	30.34
170	30.76
171	31.14
172	30.74
173	30.86
174	31.18
175	31.57
176	31.97
177	31.55
178	31.59
179	31.95
180	32.52
181	32.80
182	32.31
183	32.37
184	32.71
185	33.33
186	33.60
187	33.33
188	33.33
189	33.49
190	34.17
191	34.44
192	34.12
193	34.10
194	34.44
195	34.77
196	35.27
197	34.89
198	34.87
199	35.34
200	35.66
201	36.03
202	35.73
203	35.85
204	36.15
205	36.52
206	36.83
207	36.57
208	36.65
209	36.88
210	37.42
211	37.58
212	37.32
213	37.39
214	37.86
215	38.13
216	38.43
217	38.08
218	38.34
219	38.56
220	38.92
221	39.11
222	38.83
223	39.05
224	39.30
225	39.86
226	39.89
227	39.89
228	39.92
229	40.01
230	40.64
231	40.67
232	40.41
233	40.64
234	40.99
235	41.32
236	41.47
237	41.38
238	41.56
239	41.65
240	42.04
241	42.16
242	42.04
243	42.22
244	42.72
245	42.78
246	42.94
247	43.00
248	42.94
249	43.10
250	43.41
251	43.57
252	43.80
253	43.86
254	43.99
255	44.19
254	44.03
253	43.86
252	43.73
251	43.51
250	43.45
249	43.35
248	43.19
247	42.78
246	42.94
245	42.75
244	42.25
243	42.25
242	42.10
241	42.16
240	41.95
239	41.62
238	41.47
237	41.44
236	41.47
235	41.14
234	40.87
233	40.58
232	40.70
231	40.61
230	40.29
229	39.92
228	40.12
227	39.84
226	39.95
225	39.39
224	39.14
223	39.08
222	39.08
221	39.16
220	38.43
219	38.45
218	38.32
217	38.43
216	38.29
215	37.76
214	37.71
213	37.60
212	37.68
211	37.50
210	36.73
209	36.75
208	36.70
207	36.88
206	36.78
205	35.95
204	36.05
203	35.73
202	36.22
201	35.85
200	35.22
199	35.06
198	35.01
197	35.29
196	35.10
195	34.24
194	34.35
193	34.24
192	34.47
191	34.26
190	33.44
189	33.49
188	33.46
187	33.69
186	33.42
185	32.63
184	32.54
183	32.52
182	32.91
181	32.63
180	31.82
179	31.76
178	31.74
177	32.05
176	31.59
175	31.04
174	30.96
173	30.90
172	31.20
171	30.86
170	30.26
169	30.20
168	30.16
167	30.28
166	29.99
165	29.40
164	29.25
163	29.32
162	29.46
161	29.16
160	28.49
159	28.49
158	28.55
157	28.64
156	28.30
155	27.61
154	27.66
153	27.73
152	27.78
151	27.35
150	26.87
149	26.71
148	26.91
147	26.94
146	26.51
145	26.02
144	25.86
143	25.99
142	26.07
141	25.65
140	25.20
139	25.08
138	25.12
137	25.14
136	24.82
135	24.39
134	24.16
133	24.34
132	24.27
131	23.98
130	23.47
129	23.35
128	23.49
127	23.39
126	23.00
125	22.66
124	22.55
123	22.63
122	22.65
121	22.19
120	21.75
119	21.66
118	21.88
117	21.66
116	21.22
115	20.96
114	20.94
113	21.00
112	20.73
111	20.40
110	20.06
109	20.10
108	20.10
107	19.74
106	19.48
105	19.24
104	19.25
103	19.22
102	18.90
101	18.61
100	18.33
99	18.40
98	18.39
97	18.00
96	17.69
95	17.52
94	17.64
93	17.31
92	17.06
91	16.80
90	16.84
89	16.78
88	16.37
87	16.12
86	15.97
85	16.04
84	15.78
83	15.44
82	15.22
81	15.31
80	15.07
79	14.78
78	14.56
77	14.48
76	14.42
75	14.03
74	13.82
73	13.69
72	13.66
71	13.42
70	13.16
69	12.92
68	12.88
67	12.72
66	12.43
65	12.22
64	12.10
63	12.03
62	11.70
61	11.54
60	11.32
59	11.26
58	11.10
57	10.82
56	10.57
55	10.45
54	10.35
53	10.14
52	9.86
51	9.68
50	9.59
49	9.37
48	9.13
47	8.94
46	8.82
45	8.64
44	8.40
43	8.19
42	8.06
41	7.90
40	7.65
39	7.45
38	7.31
37	7.14
36	6.91
35	6.71
34	6.55
33	6.35
32	6.12
31	5.95
30	5.79
29	5.56
28	5.34
27	5.18
26	5.01
25	4.82
24	4.59
23	4.40
22	4.22
21	4.02
20	3.81
19	3.63
18	3.44
17	3.25
16	3.03
15	2.83
14	2.65
13	2.45
12	2.23
11	2.03
10	1.86
9	1.65
8	1.46
7	1.26
6	1.07
5	0.88
4	0.70
3	0.51
2	0.33
1	0.17
STEP
0	0.00
1	0.05
2	0.19
3	0.36
4	0.55
5	0.75
6	0.94
7	1.14
8	1.34
9	1.53
10	1.73
11	1.93
12	2.13
13	2.32
14	2.51
15	2.71
16	2.92
17	3.10
18	3.29
19	3.49
20	3.69
21	3.88
22	4.07
23	4.25
24	4.46
25	4.64
26	4.82
27	5.01
28	5.23
29	5.42
30	5.56
31	5.74
32	5.97
33	6.17
34	6.31
35	6.51
36	6.72
37	6.94
38	7.07
39	7.24
40	7.46
41	7.69
42	7.79
43	7.97
44	8.18
45	8.42
46	8.50
47	8.67
48	8.91
49	9.14
50	9.22
51	9.41
52	9.60
53	9.85
54	9.93
55	10.11
56	10.27
57	10.55
58	10.73
59	10.78
60	10.96
61	11.19
62	11.46
63	11.55
64	11.70
65	11.86
66	12.11
67	12.38
68	12.38
69	12.52
70	12.74
71	13.06
72	13.11
73	13.29
74	13.37
75	13.67
76	13.92
77	13.96
78	14.07
79	14.26
80	14.63
81	14.65
82	14.74
83	14.90
84	15.26
85	15.43
86	15.53
87	15.56
88	15.86
89	16.18
90	16.14
91	16.27
92	16.38
93	16.80
94	16.96
95	17.02
96	17.05
97	17.43
98	17.68
99	17.69
100	17.73
101	17.91
102	18.33
103	18.53
104	18.51
105	18.54
106	18.73
107	19.13
108	19.42
109	19.40
110	19.39
111	19.52
112	20.00
113	20.22
114	20.20
115	20.20
116	20.41
117	20.82
118	21.05
119	21.04
120	20.99
121	21.22
122	21.61
123	21.92
124	21.83
125	21.74
126	22.02
127	22.48
128	22.65
129	22.63
130	22.53
131	22.80
132	23.30
133	23.61
134	23.41
135	23.31
136	23.61
137	24.17
138	24.38
139	24.20
140	24.18
141	24.49
142	24.95
143	25.19
144	24.95
145	24.96
146	25.39
147	25.77
148	25.99
149	25.78
150	25.72
151	26.15
152	26.53
153	26.81
154	26.58
155	26.50
156	26.88
157	27.28
158	27.58
159	27.32
160	27.25
161	27.68
162	28.05
163	28.55
164	28.21
165	28.05
166	28.41
167	28.86
168	29.31
169	29.03
170	28.77
171	29.16
172	29.73
173	30.07
174	29.76
175	29.65
176	30.01
177	30.48
178	30.80
179	30.54
180	30.58
181	30.90
182	31.17
183	31.62
184	31.31
185	31.27
186	31.64
187	31.95
188	32.36
189	32.06
190	32.08
191	32.40
192	32.66
193	33.19
194	32.79
195	32.75
196	33.12
197	33.41
198	33.91
199	33.75
200	33.50
201	33.82
202	34.32
203	34.65
204	34.48
205	34.23
206	34.72
207	35.05
208	35.36
209	35.29
210	35.17
211	35.39
212	35.75
213	36.17
214	35.97
215	35.85
216	36.15
217	36.70
218	36.78
219	36.47
220	36.78
221	37.01
222	37.35
223	37.53
224	37.22
225	37.50
226	37.63
227	38.19
228	38.27
229	37.93
230	38.38
231	38.54
232	38.87
233	38.93
234	38.85
235	39.09
236	39.26
237	39.57
238	39.74
239	39.57
240	39.74
241	40.08
242	40.31
243	40.34
244	40.52
245	40.72
246	40.63
247	40.90
248	41.05
249	41.22
250	41.34
251	41.28
252	41.59
253	41.71
254	41.86
255	42.07
254	41.83
253	41.74
252	41.56
251	41.46
250	41.31
249	40.99
248	41.02
247	40.93
246	40.60
245	40.40
244	40.52
243	40.34
242	39.97
241	39.94
240	39.74
239	39.82
238	39.74
237	39.23
236	39.23
235	38.93
234	39.18
233	38.87
232	38.49
231	38.30
230	38.17
229	38.46
228	38.19
227	37.63
226	37.61
225	37.50
224	37.71
223	37.45
222	36.96
221	36.93
220	36.78
219	37.01
218	36.75
217	36.00
216	36.22
215	36.10
214	36.32
213	35.97
212	35.56
211	35.32
210	35.24
209	35.56
208	35.27
207	34.58
206	34.62
205	34.53
204	34.84
203	34.27
202	33.70
201	33.93
200	33.82
199	34.02
198	33.52
197	33.14
196	33.21
195	33.10
194	33.30
193	32.77
192	32.25
191	32.25
190	32.38
189	32.55
188	32.04
187	31.33
186	31.43
185	31.64
184	31.74
183	31.09
182	30.60
181	30.72
180	30.88
179	31.00
178	30.31
177	29.90
176	29.96
175	30.11
174	30.17
173	29.53
172	29.14
171	29.08
170	29.38
169	29.44
168	28.66
167	28.28
166	28.34
165	28.61
164	28.61
163	27.87
162	27.49
161	27.59
160	27.68
159	27.79
158	27.13
157	26.81
156	26.83
155	26.91
154	26.89
153	26.33
152	25.98
151	26.06
150	26.10
149	26.12
148	25.55
147	25.22
146	25.19
145	25.38
144	25.30
143	24.76
142	24.38
141	24.40
140	24.57
139	24.45
138	23.84
137	23.57
136	23.67
135	23.79
134	23.68
133	23.10
132	22.78
131	22.76
130	23.01
129	22.72
128	22.30
127	22.02
126	22.01
125	22.15
124	21.96
123	21.51
122	21.18
121	21.32
120	21.33
119	20.99
118	20.66
117	20.46
116	20.50
115	20.46
114	20.18
113	19.85
112	19.63
111	19.70
110	19.67
109	19.38
108	18.94
107	18.79
106	18.91
105	18.80
104	18.46
103	18.20
102	18.03
101	18.09
100	17.96
99	17.72
98	17.33
97	17.27
96	17.26
95	17.01
94	16.70
93	16.50
92	16.59
91	16.45
90	16.14
89	15.82
88	15.81
87	15.81
86	15.43
85	15.18
84	15.03
83	15.10
82	14.83
81	14.58
80	14.35
79	14.36
78	14.14
77	13.92
76	13.68
75	13.58
74	13.56
73	13.27
72	13.00
71	12.85
70	12.81
69	12.64
68	12.36
67	12.12
66	12.04
65	11.98
64	11.70
63	11.48
62	11.31
61	11.27
60	11.00
59	10.81
58	10.59
57	10.50
56	10.37
55	10.15
54	9.92
53	9.75
52	9.67
51	9.41
50	9.22
49	9.04
48	8.93
47	8.71
46	8.51
45	8.33
44	8.22
43	8.02
42	7.80
41	7.60
40	7.50
39	7.29
38	7.08
37	6.89
36	6.77
35	6.58
34	6.36
33	6.16
32	6.01
31	5.81
30	5.61
29	5.43
28	5.27
27	5.07
26	4.88
25	4.68
24	4.52
23	4.31
22	4.11
21	3.94
20	3.76
19	3.57
18	3.36
17	3.18
16	3.00
15	2.80
14	2.60
13	2.41
12	2.22
11	2.03
10	1.83
9	1.65
8	1.46
7	1.26
6	1.06
5	0.88
4	0.70
3	0.51
2	0.34
1	0.18