PWM: 5
0 120
0 1152
0 6152
1 11152
0 16152
1 21152
2 26152
4 31152
5 36152
5 41152
7 46152
11 51152
12 56152
13 61152
16 66152
17 71152
19 76152
20 81152
23 86152
23 91152
26 96152
28 101152
29 106152
31 111152
32 116152
33 121152
35 126152
37 131152
38 136152
40 141152
41 146152
42 151152
43 156152
43 161152
45 166152
47 171152
47 176152
48 181152
49 186152
50 191152
51 196152
52 201152
53 206152
53 211152
54 216152
56 221152
57 226152
57 231152
57 236152
58 241152
59 246152
59 251152
60 256152
60 261152
63 266152
61 271152
62 276152
62 281152
63 286152
64 291152
65 296152
64 301152
65 306152
65 311152
66 316152
66 321152
67 326152
67 346152
67 336152
67 341152
STEP
PWM: 10
0 120
0 3344
11 8344
25 13344
40 18344
55 23344
66 28344
76 33344
85 38344
92 43344
99 48344
104 53344
108 58344
112 63344
114 68344
117 73344
119 78344
122 83344
123 88344
125 93344
127 98344
128 103344
129 108344
129 113344
130 118344
131 123344
132 128344
137 133344
135 138344
134 143344
135 148344
137 153344
137 158344
137 163344
137 168344
138 173344
139 178344
139 183344
140 188344
140 193344
140 198344
140 203344
141 208344
141 213344
141 218344
142 223344
142 228344
142 233344
144 238344
143 243344
143 248344
144 253344
143 258344
144 263344
145 268344
144 273344
147 278344
145 283344
146 288344
146 293344
146 298344
146 303344
146 308344
147 313344
146 318344
148 323344
147 328344
148 333344
147 338344
148 343344
STEP
PWM: 15
0 120
0 1664
16 6664
37 11664
63 16664
87 21664
109 26664
127 31664
141 36664
151 41664
160 46664
167 51664
172 56664
176 61664
180 66664
183 71664
186 76664
188 81664
189 86664
192 91664
192 96664
194 101664
194 106664
195 111664
199 116664
197 121664
198 126664
199 131664
199 136664
199 141664
199 146664
203 151664
201 156664
201 161664
202 166664
202 171664
203 176664
202 181664
203 186664
203 191664
204 196664
204 201664
203 206664
204 211664
204 216664
205 221664
205 226664
205 231664
205 236664
206 241664
205 246664
206 251664
206 256664
208 261664
206 266664
206 271664
207 276664
207 281664
208 286664
207 291664
207 296664
208 301664
208 306664
207 311664
208 316664
208 321664
208 326664
208 331664
209 336664
208 341664
STEP
PWM: 20
0 120
0 1544
19 6544
55 11544
91 16544
123 21544
150 26544
172 31544
189 36544
201 41544
211 46544
218 51544
223 56544
228 61544
233 66544
236 71544
237 76544
240 81544
241 86544
242 91544
244 96544
245 101544
246 106544
247 111544
248 116544
250 121544
248 126544
249 131544
249 136544
250 141544
250 146544
251 151544
253 156544
251 161544
251 166544
252 171544
253 176544
253 181544
253 186544
253 191544
253 196544
253 201544
254 206544
253 211544
254 216544
254 221544
255 226544
256 231544
254 236544
255 241544
254 246544
254 251544
255 256544
256 261544
257 266544
256 271544
256 276544
255 281544
255 286544
256 291544
256 296544
256 301544
255 306544
257 311544
255 316544
256 321544
256 326544
256 331544
256 336544
257 341544
STEP
PWM: 25
0 116
12 4500
53 9500
98 14500
142 19500
176 24500
204 29500
224 34500
239 39500
252 44500
259 49500
265 54500
269 59500
274 64500
276 69500
279 74500
282 79500
282 84500
284 89500
285 94500
286 99500
287 104500
288 109500
287 114500
289 119500
289 124500
290 129500
290 134500
290 139500
291 144500
291 149500
296 154500
292 159500
292 164500
292 169500
293 174500
293 179500
294 184500
295 189500
293 194500
294 199500
294 204500
294 209500
294 214500
294 219500
296 224500
294 229500
295 234500
294 239500
294 244500
295 249500
295 254500
296 259500
295 264500
295 269500
296 274500
295 279500
296 284500
296 289500
296 294500
298 299500
296 304500
296 309500
295 314500
297 319500
296 324500
296 329500
298 334500
296 339500
296 344500
STEP
PWM: 30
0 120
7 3472
54 8472
112 13472
161 18472
203 23472
234 28472
256 33472
273 38472
285 43472
296 48472
299 53472
304 58472
309 63472
311 68472
314 73472
315 78472
319 83472
319 88472
320 93472
320 98472
321 103472
323 108472
323 113472
323 118472
327 123472
324 128472
325 133472
325 138472
326 143472
326 148472
326 153472
329 158472
327 163472
326 168472
327 173472
327 178472
327 183472
328 188472
330 193472
328 198472
327 203472
327 208472
328 213472
329 218472
327 223472
327 228472
328 233472
328 238472
329 243472
329 248472
329 253472
329 258472
329 263472
330 268472
329 273472
329 278472
329 283472
329 288472
330 293472
330 298472
331 303472
329 308472
329 313472
330 318472
329 323472
329 328472
330 333472
332 338472
331 343472
STEP
PWM: 35
0 116
10 3468
65 8468
131 13468
189 18468
235 23468
265 28468
288 33468
304 38468
316 43468
324 48468
331 53468
337 58468
339 63468
342 68468
344 73468
346 78468
347 83468
349 88468
352 93468
350 98468
351 103468
352 108468
352 113468
354 118468
353 123468
354 128468
356 133468
354 138468
355 143468
354 148468
356 153468
355 158468
355 163468
358 168468
356 173468
356 178468
357 183468
356 188468
357 193468
357 198468
359 203468
357 208468
357 213468
357 218468
358 223468
357 228468
357 233468
358 238468
360 243468
358 248468
357 253468
358 258468
358 263468
358 268468
358 273468
360 278468
358 283468
358 288468
358 293468
358 298468
358 303468
358 308468
361 313468
358 318468
358 323468
358 328468
358 333468
358 338468
359 343468
STEP
PWM: 40
0 120
1 1424
47 6424
121 11424
190 16424
243 21424
282 26424
311 31424
328 36424
340 41424
349 46424
356 51424
361 56424
365 61424
370 66424
370 71424
372 76424
373 81424
374 86424
375 91424
376 96424
376 101424
379 106424
379 111424
378 116424
379 121424
379 126424
379 131424
380 136424
382 141424
381 146424
381 151424
381 156424
382 161424
381 166424
382 171424
384 176424
382 181424
382 186424
382 191424
382 196424
383 201424
382 206424
384 211424
386 216424
383 221424
382 226424
383 231424
383 236424
384 241424
383 246424
385 251424
383 256424
383 261424
384 266424
383 271424
383 276424
384 281424
386 286424
383 291424
384 296424
384 301424
384 306424
384 311424
384 316424
387 321424
384 326424
383 331424
384 336424
384 341424
STEP
PWM: 45
0 120
16 3472
88 8472
170 13472
240 18472
287 23472
320 28472
343 33472
359 38472
369 43472
377 48472
384 53472
387 58472
390 63472
393 68472
394 73472
395 78472
397 83472
400 88472
399 93472
399 98472
400 103472
401 108472
401 113472
402 118472
404 123472
405 128472
402 133472
403 138472
403 143472
403 148472
404 153472
403 158472
406 163472
404 168472
404 173472
404 178472
404 183472
404 188472
405 193472
408 198472
405 203472
405 208472
406 213472
405 218472
405 223472
405 228472
407 233472
407 238472
406 243472
405 248472
405 253472
406 258472
406 263472
406 268472
408 273472
406 278472
406 283472
406 288472
406 293472
407 298472
406 303472
408 308472
406 313472
407 318472
406 323472
406 328472
407 333472
407 338472
408 343472
STEP
PWM: 50
0 120
1 1424
63 6424
154 11424
234 16424
293 21424
334 26424
359 31424
376 36424
389 41424
397 46424
403 51424
407 56424
412 61424
412 66424
415 71424
415 76424
417 81424
418 86424
419 91424
422 96424
423 101424
421 106424
422 111424
422 116424
422 121424
423 126424
420 131424
426 136424
424 141424
424 146424
424 151424
424 156424
424 161424
425 166424
426 171424
425 176424
425 181424
425 186424
425 191424
426 196424
426 201424
427 206424
429 211424
425 216424
426 221424
425 226424
426 231424
427 236424
428 241424
428 246424
426 251424
426 256424
427 261424
426 266424
426 271424
426 276424
428 281424
426 286424
426 291424
427 296424
426 301424
426 306424
426 311424
429 316424
427 321424
426 326424
426 331424
427 336424
426 341424
STEP
PWM: 55
1 120
21 3472
113 8472
209 13472
281 18472
334 23472
366 28472
389 33472
403 38472
412 43472
421 48472
424 53472
428 58472
431 63472
432 68472
434 73472
435 78472
438 83472
437 88472
437 93472
438 98472
439 103472
439 108472
440 113472
443 118472
443 123472
442 128472
442 133472
442 138472
443 143472
442 148472
444 153472
444 158472
443 163472
443 168472
443 173472
444 178472
443 183472
443 188472
446 193472
443 198472
443 203472
443 208472
443 213472
444 218472
444 223472
446 228472
447 233472
444 238472
444 243472
444 248472
444 253472
444 258472
447 263472
447 268472
444 273472
445 278472
444 283472
445 288472
445 293472
445 298472
447 303472
444 308472
444 313472
445 318472
445 323472
445 328472
445 333472
447 338472
445 343472
STEP
PWM: 60
0 120
0 400
57 5400
165 10400
260 15400
326 20400
368 25400
396 30400
414 35400
426 40400
433 45400
439 50400
446 55400
446 60400
448 65400
450 70400
451 75400
453 80400
454 85400
457 90400
457 95400
456 100400
456 105400
457 110400
458 115400
458 120400
461 125400
461 130400
459 135400
459 140400
459 145400
459 150400
460 155400
462 160400
462 165400
460 170400
460 175400
459 180400
460 185400
460 190400
460 195400
462 200400
461 205400
461 210400
461 215400
460 220400
461 225400
460 230400
463 235400
463 240400
461 245400
460 250400
462 255400
461 260400
462 265400
463 270400
464 275400
461 280400
462 285400
462 290400
462 295400
462 300400
461 305400
463 310400
461 315400
462 320400
462 325400
462 330400
462 335400
461 340400
STEP
PWM: 65
0 120
26 3472
135 8472
243 13472
321 18472
372 23472
406 28472
426 33472
439 38472
450 43472
456 48472
458 53472
461 58472
463 63472
466 68472
467 73472
471 78472
471 83472
470 88472
470 93472
471 98472
471 103472
472 108472
473 113472
475 118472
475 123472
474 128472
475 133472
474 138472
474 143472
474 148472
476 153472
476 158472
474 163472
475 168472
475 173472
476 178472
476 183472
477 188472
478 193472
476 198472
476 203472
476 208472
476 213472
476 218472
475 223472
478 228472
476 233472
477 238472
476 243472
477 248472
477 253472
477 258472
478 263472
478 268472
476 273472
476 278472
476 283472
477 288472
477 293472
478 298472
479 303472
476 308472
476 313472
477 318472
477 323472
477 328472
479 333472
479 338472
477 343472
STEP
PWM: 70
0 120
0 400
70 5400
192 10400
296 15400
364 20400
404 25400
432 30400
448 35400
459 40400
466 45400
473 50400
476 55400
477 60400
480 65400
481 70400
481 75400
482 80400
481 85400
487 90400
489 95400
485 100400
487 105400
487 110400
487 115400
487 120400
490 125400
489 130400
487 135400
488 140400
489 145400
489 150400
489 155400
492 160400
491 165400
489 170400
490 175400
489 180400
490 185400
490 190400
492 195400
491 200400
489 205400
490 210400
490 215400
490 220400
490 225400
490 230400
493 235400
491 240400
489 245400
490 250400
491 255400
490 260400
490 265400
493 270400
492 275400
491 280400
491 285400
490 290400
490 295400
490 300400
493 305400
492 310400
490 315400
491 320400
490 325400
491 330400
490 335400
487 340400
STEP
PWM: 75
1 120
34 3472
158 8472
276 13472
356 18472
408 23472
438 28472
459 33472
470 38472
480 43472
485 48472
487 53472
490 58472
491 63472
494 68472
495 73472
497 78472
498 83472
497 88472
498 93472
499 98472
499 103472
499 108472
501 113472
502 118472
501 123472
501 128472
501 133472
501 138472
502 143472
501 148472
504 153472
504 158472
502 163472
502 168472
502 173472
502 178472
502 183472
504 188472
504 193472
502 198472
503 203472
503 208472
503 213472
503 218472
505 223472
504 228472
502 233472
503 238472
503 243472
503 248472
503 253472
505 258472
505 263472
506 268472
503 273472
503 278472
504 283472
504 288472
504 293472
505 298472
506 303472
504 308472
503 313472
503 318472
503 323472
504 328472
506 333472
505 338472
503 343472
STEP
PWM: 80
0 120
0 400
82 5400
218 10400
397 20400
437 25400
462 30400
477 35400
487 40400
493 45400
500 50400
503 55400
503 60400
505 65400
506 70400
508 75400
508 80400
511 85400
511 90400
510 95400
511 100400
511 105400
512 110400
513 115400
514 120400
515 125400
515 130400
513 135400
514 140400
513 145400
514 150400
514 155400
516 160400
515 165400
514 170400
515 175400
514 180400
514 185400
515 190400
516 195400
516 200400
514 205400
515 210400
515 215400
515 220400
516 225400
517 230400
517 235400
518 240400
515 245400
515 250400
515 255400
516 260400
514 265400
518 270400
517 275400
515 280400
515 285400
516 290400
515 295400
515 300400
517 305400
518 310400
516 315400
516 320400
515 325400
515 330400
516 335400
517 340400
STEP
PWM: 85
0 120
39 3472
179 8472
303 13472
387 18472
439 23472
468 28472
485 33472
498 38472
505 43472
510 48472
511 53472
515 58472
517 68472
519 73472
521 78472
522 83472
521 88472
522 93472
522 98472
523 103472
523 108472
525 113472
526 118472
524 123472
524 128472
524 133472
525 138472
525 143472
527 148472
528 153472
527 158472
525 163472
525 168472
525 173472
526 178472
528 183472
528 188472
527 193472
525 198472
526 203472
526 208472
526 213472
526 218472
528 223472
528 228472
526 233472
526 238472
526 243472
527 248472
526 253472
528 258472
529 263472
526 268472
527 273472
527 278472
527 283472
526 288472
529 293472
528 298472
529 303472
527 308472
527 313472
527 318472
527 323472
528 328472
529 333472
529 338472
527 343472
STEP
PWM: 90
0 120
65 4376
217 9376
339 14376
416 19376
458 24376
484 29376
501 34376
510 39376
518 44376
522 49376
525 54376
526 59376
527 64376
529 69376
531 74376
531 79376
533 84376
534 89376
533 94376
533 99376
534 104376
534 109376
534 114376
537 349376
536 124376
537 129376
535 134376
536 139376
536 144376
535 149376
538 154376
538 159376
537 164376
536 169376
537 174376
536 179376
536 184376
536 189376
538 194376
538 199376
536 204376
536 209376
537 214376
536 219376
537 224376
539 229376
539 234376
537 239376
536 244376
537 249376
537 254376
537 259376
539 264376
539 269376
539 274376
537 279376
537 284376
537 289376
538 294376
539 299376
540 304376
539 309376
537 314376
537 319376
538 324376
537 329376
537 334376
540 339376
540 344376
STEP
PWM: 95
0 120
0 400
102 5400
257 10400
369 15400
439 20400
479 25400
501 30400
514 35400
524 40400
530 45400
534 50400
534 55400
536 60400
538 65400
539 70400
542 75400
542 80400
543 85400
543 90400
542 95400
543 100400
543 105400
546 110400
547 115400
546 120400
544 125400
545 130400
545 135400
546 140400
545 145400
548 150400
548 155400
545 160400
546 345400
546 170400
546 175400
546 180400
549 185400
548 190400
548 195400
547 200400
546 205400
546 210400
546 215400
549 220400
549 225400
548 230400
547 235400
546 240400
547 245400
546 250400
547 255400
549 260400
549 265400
547 270400
547 275400
546 280400
547 285400
548 290400
548 295400
550 300400
549 305400
547 310400
547 315400
547 320400
548 325400
549 330400
549 335400
548 340400
STEP
PWM: 100
0 116
49 3468
208 8468
345 13468
430 18468
478 23468
507 28468
523 33468
532 38468
536 43468
540 48468
543 53468
545 58468
547 63468
551 68468
551 73468
553 78468
550 83468
551 88468
552 93468
553 98468
555 103468
555 108468
556 113468
553 118468
555 123468
554 128468
554 133468
556 138468
556 143468
556 148468
555 153468
556 158468
555 163468
556 168468
553 173468
557 178468
557 183468
556 188468
556 193468
555 198468
555 203468
556 208468
558 348468
557 218468
558 223468
556 228468
556 233468
556 238468
556 243468
558 248468
558 253468
557 258468
556 263468
556 268468
557 273468
556 278468
558 283468
559 288468
559 293468
556 298468
557 303468
556 308468
556 313468
557 318468
558 323468
559 328468
559 333468
556 338468
557 343468
STEP
PWM: 105
0 120
80 4376
250 9376
376 14376
452 19376
495 24376
519 29376
535 34376
543 39376
548 44376
550 49376
554 54376
555 59376
556 64376
558 69376
560 74376
561 79376
561 84376
560 89376
561 94376
561 99376
562 104376
564 109376
564 114376
564 119376
562 124376
563 129376
563 134376
563 139376
565 144376
566 149376
566 154376
563 159376
564 164376
563 169376
564 174376
564 179376
566 184376
566 189376
566 194376
564 199376
565 204376
564 209376
565 214376
567 219376
567 224376
567 229376
564 234376
565 239376
564 244376
565 249376
566 254376
567 349376
567 264376
564 269376
565 274376
565 279376
565 284376
566 289376
567 294376
566 299376
565 304376
565 309376
566 314376
565 319376
565 324376
568 329376
567 334376
567 339376
564 344376
STEP
PWM: 110
0 120
83 4376
258 9376
388 14376
464 19376
507 24376
531 29376
544 34376
552 39376
555 44376
559 49376
562 54376
563 59376
567 64376
568 69376
568 74376
567 79376
569 84376
568 89376
569 94376
572 99376
572 104376
573 109376
573 114376
571 119376
571 124376
572 129376
572 134376
574 139376
573 144376
574 149376
573 154376
572 159376
572 164376
572 169376
574 174376
574 179376
574 184376
572 189376
573 194376
573 199376
572 204376
575 209376
575 214376
575 219376
572 224376
573 229376
572 234376
574 239376
574 244376
574 249376
575 254376
574 259376
572 264376
574 269376
573 274376
574 279376
575 284376
576 289376
575 294376
573 349376
573 304376
573 309376
573 314376
575 319376
576 324376
575 329376
573 334376
573 339376
573 344376
STEP
PWM: 115
5 120
86 4376
268 9376
400 14376
478 19376
519 24376
541 29376
553 34376
559 39376
565 44376
568 49376
570 54376
574 59376
574 64376
576 69376
575 74376
576 79376
577 84376
576 89376
579 94376
580 99376
580 104376
578 109376
578 114376
579 119376
579 124376
582 129376
581 134376
582 139376
579 144376
579 149376
581 154376
579 159376
582 164376
582 169376
582 174376
583 179376
581 184376
581 189376
580 194376
581 199376
583 204376
583 209376
582 214376
580 219376
580 224376
581 229376
581 234376
582 239376
583 244376
583 249376
581 254376
581 259376
581 264376
580 269376
583 274376
583 279376
583 284376
582 289376
580 294376
581 299376
582 304376
581 309376
584 314376
583 319376
583 324376
581 329376
581 334376
582 339376
581 344376
STEP
PWM: 120
0 120
92 4376
279 9376
414 14376
489 19376
528 24376
547 29376
561 34376
568 39376
573 44376
578 49376
580 54376
581 59376
582 74376
583 79376
586 84376
587 89376
587 94376
588 99376
585 104376
585 109376
586 114376
586 119376
589 124376
589 129376
588 134376
587 139376
588 144376
588 149376
587 154376
590 159376
589 164376
589 169376
587 174376
587 179376
588 184376
588 189376
590 194376
590 199376
590 204376
590 209376
588 214376
588 219376
588 224376
585 229376
590 234376
590 239376
590 244376
588 249376
588 254376
589 259376
589 264376
590 269376
590 274376
590 279376
588 284376
588 289376
589 294376
589 299376
590 304376
590 309376
591 314376
592 319376
589 324376
589 329376
588 334376
590 339376
590 344376
STEP
PWM: 125
0 120
98 4376
290 9384
425 14376
499 19376
537 24376
557 29376
568 34376
574 39376
581 44376
585 49376
588 54376
587 59376
589 64376
589 69376
590 74376
592 79376
594 84376
593 89376
592 94376
592 99376
593 104376
593 109376
596 124376
595 129376
594 134376
595 139376
595 144376
596 149376
596 154376
596 159376
597 164376
595 169376
595 174376
595 179376
596 184376
598 189376
597 194376
597 199376
595 204376
595 209376
596 214376
595 219376
598 224376
597 229376
597 234376
598 239376
595 244376
596 249376
596 254376
598 259376
598 264376
598 269376
598 274376
595 279376
595 284376
595 289376
594 294376
598 299376
598 304376
597 309376
595 314376
595 319376
595 324376
596 329376
597 334376
598 339376
598 344376
STEP
PWM: 130
0 120
103 4376
301 9384
433 14376
507 19376
544 24376
565 29376
578 34376
584 39376
590 44376
592 49376
593 54376
594 59376
595 64376
598 69376
599 74376
600 79376
600 84376
598 89376
599 94376
600 99376
599 104376
602 109376
602 114376
602 119376
600 124376
601 129376
601 134376
601 139376
604 144376
603 149376
603 154376
605 159376
602 164376
602 169376
602 174376
604 179376
604 194376
601 199376
602 204376
603 209376
604 214376
604 219376
604 224376
604 229376
603 234376
602 239376
602 244376
603 249376
605 254376
605 259376
604 264376
602 269376
603 274376
603 279376
603 284376
604 289376
604 294376
605 299376
604 304376
603 309376
603 314376
603 319376
604 324376
605 329376
604 334376
604 339376
602 344376
STEP
PWM: 135
0 120
65 3352
269 8352
421 13352
505 18352
549 23352
571 28352
584 33360
591 38352
594 43352
596 48352
599 53352
601 58352
604 63352
605 68352
606 73352
607 78352
605 83352
606 88352
606 93352
609 98352
608 103352
608 108352
609 113352
606 118352
607 123352
607 128352
610 133352
610 138352
610 143352
609 148352
607 153352
608 158352
607 163352
607 168352
610 173352
610 178352
611 183352
608 188352
608 193352
608 198352
609 203352
611 208352
610 213352
611 218352
611 223352
609 228352
609 233352
608 238352
610 243352
611 248352
611 253352
611 258352
609 273352
610 278352
610 283352
611 288352
611 293352
608 298352
609 303352
609 308352
609 313352
611 318352
611 323352
611 328352
612 333352
610 338352
609 343352
STEP
PWM: 140
1 120
108 4376
317 9376
454 14376
525 19376
563 24376
582 29376
593 34376
598 39376
601 44376
603 49376
605 54376
609 59376
611 64376
611 69376
612 74376
610 79376
612 84376
612 89376
615 94376
614 99376
615 104376
615 109376
613 114376
613 119376
613 124376
614 129376
616 134376
616 139376
616 144376
617 149376
615 154376
614 159376
614 164376
616 169376
616 174376
616 179376
616 184376
614 189376
614 194376
614 199376
616 204376
616 209376
617 214376
617 219376
615 224376
615 229376
615 234376
617 239376
617 244376
616 249376
618 254376
615 259376
615 264376
616 269376
615 274376
617 279376
617 284376
618 289376
616 294376
615 299376
615 304376
615 309376
618 314376
617 319376
617 324376
617 329376
STEP
PWM: 145
0 120
70 3352
288 8352
443 13352
524 18352
566 23352
586 28352
595 33352
603 38352
607 43352
612 48352
613 53352
615 58352
616 63352
618 68352
616 73352
616 78352
617 83352
620 88352
621 93352
621 98352
620 103352
618 108352
619 113352
620 118352
621 123352
622 128352
621 133352
622 138352
620 143352
620 148352
621 153352
622 158352
622 163352
622 168352
622 173352
620 178352
620 183352
621 188352
620 193352
623 198352
622 203352
623 208352
622 213352
621 218352
621 223352
621 228352
623 233352
623 238352
623 243352
623 248352
621 253352
621 258352
621 263352
623 268352
623 273352
623 278352
623 283352
620 288352
621 293352
621 298352
623 303352
623 308352
623 313352
623 318352
623 323352
622 328352
621 333352
621 338352
623 343352
STEP
PWM: 150
0 120
118 4376
334 9376
474 14376
544 19376
578 24376
596 29376
603 34376
609 39376
613 44376
619 49376
620 54376
622 59376
622 64376
621 69376
623 74376
622 79376
625 84376
626 89376
625 94376
626 99376
624 104376
624 109376
625 114376
627 119376
627 124376
627 129376
627 134376
627 139376
625 144376
625 149376
627 154376
628 159376
628 164376
628 169376
629 174376
626 179376
626 184376
627 189376
628 194376
629 199376
628 204376
628 209376
627 214376
627 219376
626 224376
629 229376
629 234376
628 239376
628 244376
629 249376
626 254376
627 259376
625 264376
629 269376
629 274376
628 279376
628 284376
627 289376
626 294376
627 299376
629 304376
628 309376
629 314376
628 319376
627 324376
627 329376
627 334376
628 339376
628 344376
STEP
PWM: 155
0 116
78 3348
306 8348
462 13348
542 18348
577 23348
598 28348
608 33348
617 38348
620 43348
623 48348
625 53348
626 58348
625 63348
627 68348
627 73348
629 78348
630 83348
630 88348
631 93348
629 98348
629 103348
630 108348
632 113348
632 118348
632 123348
633 128348
631 133348
631 138348
631 143348
633 148348
633 153348
634 158348
633 163348
633 168348
631 173348
631 178348
633 183348
634 188348
633 193348
634 198348
634 203348
631 208348
632 213348
633 218348
634 223348
634 228348
634 233348
633 238348
632 243348
632 248348
632 253348
634 258348
634 263348
634 268348
635 273348
632 278348
632 283348
632 288348
634 293348
634 298348
634 303348
635 308348
633 313348
633 318348
632 323348
632 328348
635 333348
634 338348
634 343348
STEP
PWM: 160
0 116
127 4372
353 9372
490 14372
558 19372
590 24372
607 29372
617 34372
623 39372
627 44372
629 49372
630 54372
630 59372
631 64372
632 69372
634 74372
635 79372
636 84372
637 89372
639 94372
635 99372
635 104372
638 109372
637 114372
638 119372
638 124372
638 129372
636 134372
636 139372
634 144372
639 149372
638 154372
638 159372
638 164372
636 169372
636 174372
637 179372
638 184372
638 189372
638 194372
639 199372
637 204372
637 209372
638 214372
639 219372
639 224372
639 229372
639 234372
639 239372
637 244372
637 249372
640 254372
640 259372
639 264372
639 269372
639 274372
637 279372
638 284372
638 289372
640 294372
639 299372
639 304372
639 309372
638 314372
637 319372
637 324372
639 329372
639 334372
639 339372
640 344372
STEP
PWM: 165
0 116
83 3348
322 8348
481 13348
554 18348
592 23348
613 28348
623 33348
628 38348
631 43348
633 48348
634 53348
635 58348
639 63348
639 68348
640 73348
640 78348
640 83348
640 88348
639 93348
641 98348
643 103348
643 108348
642 113348
642 118348
642 123348
641 128348
641 133348
643 138348
643 143348
643 148348
643 153348
644 158348
642 163348
641 168348
643 173348
644 178348
644 183348
644 188348
643 193348
642 198348
643 203348
641 208348
644 213348
644 218348
644 223348
643 228348
642 233348
641 238348
642 243348
644 248348
644 253348
644 258348
644 263348
646 268348
643 273348
642 278348
644 283348
644 288348
644 293348
645 298348
645 303348
642 308348
642 313348
644 318348
644 323348
644 328348
644 333348
644 338348
642 343348
STEP
PWM: 170
0 120
137 4376
369 9376
505 14376
571 19376
605 24376
620 29376
629 34376
634 39376
637 44376
637 49376
639 54376
640 59376
644 64376
644 69376
644 74376
645 79376
647 84376
644 89376
645 94376
646 99376
647 104376
648 109376
647 114376
647 119376
646 124376
646 129376
649 134376
649 139376
648 144376
648 149376
648 154376
647 159376
647 164376
647 169376
649 174376
648 179376
649 184376
649 189376
647 194376
646 199376
647 204376
648 209376
649 214376
650 219376
649 224376
649 229376
647 234376
648 239376
649 244376
649 249376
648 254376
649 259376
649 264376
647 269376
647 274376
649 279376
649 284376
649 289376
649 294376
649 299376
647 304376
647 309376
647 314376
649 319376
648 324376
650 329376
650 334376
649 339376
647 344376
STEP
PWM: 175
0 120
89 3352
334 8352
492 13352
570 18352
606 23352
624 28352
632 33352
639 38352
640 43352
642 48352
646 53352
647 58352
648 63352
650 68352
649 73352
647 78352
649 83352
651 88352
651 93352
651 98352
652 103352
652 108352
651 113352
651 118352
651 123352
653 128352
653 133352
653 138352
654 143352
653 148352
651 153352
651 158352
653 163352
653 168352
654 173352
653 178352
653 183352
651 188352
651 193352
653 198352
653 203352
653 208352
654 213352
654 218352
651 223352
652 228352
652 233352
653 238352
653 243352
654 248352
653 253352
653 258352
651 263352
652 268352
653 273352
654 278352
654 283352
654 288352
653 293352
651 298352
651 303352
653 308352
653 313352
654 318352
654 323352
654 328352
651 333352
651 338352
654 343352
STEP
PWM: 180
1 120
143 4376
385 9384
522 14376
587 19376
616 24376
632 29376
639 34376
642 39376
645 44376
645 49376
651 54376
652 59376
653 64376
653 69376
654 74376
653 79376
653 84376
655 89376
656 94376
656 99376
656 104376
656 109376
655 114376
655 119376
657 124376
656 129376
656 134376
657 139376
657 144376
656 149376
656 154376
657 159376
657 164376
658 169376
657 174376
658 179376
659 184376
656 189376
657 194376
658 199376
658 204376
658 209376
657 214376
658 219376
656 224376
657 229376
658 234376
658 239376
658 244376
658 249376
658 254376
657 259376
656 264376
658 269376
658 274376
658 279376
658 284376
659 289376
656 294376
656 299376
655 304376
658 309376
658 314376
658 319376
659 324376
658 329376
656 334376
656 339376
658 344376
STEP
PWM: 185
0 120
94 3352
352 8352
509 13352
584 18352
618 23352
634 28352
642 33352
645 38352
651 43352
654 48352
654 53352
656 58352
658 63352
656 68352
657 73352
659 78352
659 83352
660 88352
660 93352
661 98352
662 103352
659 108352
658 113352
661 118352
661 123352
662 128352
662 133352
662 138352
659 143352
659 148352
662 153352
662 158352
662 163352
661 168352
661 173352
661 178352
660 183352
662 188352
662 193352
662 198352
662 203352
663 208352
660 213352
660 218352
663 223352
662 228352
662 233352
662 238352
662 243352
662 248352
661 253352
661 258352
662 263352
662 268352
662 273352
662 278352
662 283352
660 288352
660 293352
663 298352
662 303352
662 308352
662 313352
663 318352
660 323352
660 328352
662 333352
662 338352
662 343352
STEP
PWM: 190
0 120
154 4376
401 9376
536 14376
599 19376
627 24376
639 29376
647 34376
654 39376
656 44376
658 49376
660 54376
661 59376
661 64376
660 69376
661 74376
663 79376
664 84376
664 89376
664 94376
664 99376
663 104376
663 109376
665 114376
665 119376
665 124376
665 129376
666 134376
664 139376
664 144376
666 149376
666 154376
666 159376
666 164376
667 169376
667 174376
664 179376
665 184376
667 189376
667 194376
666 199376
666 204376
667 209376
664 214376
665 219376
666 224376
666 229376
667 234376
667 239376
666 244376
664 249376
664 254376
667 259376
667 264376
666 269376
667 274376
666 279376
665 284376
665 289376
667 294376
666 299376
667 304376
667 309376
666 314376
667 319376
665 324376
664 329376
667 334376
668 339376
666 344376
STEP
PWM: 195
0 120
101 3352
365 8352
523 13352
596 18352
626 23352
642 28352
652 33352
658 38352
660 43352
663 48352
663 53352
663 58352
664 63352
666 68352
666 73352
666 78352
668 83352
668 88352
668 93352
666 98352
669 103352
670 108352
670 113352
670 118352
669 123352
669 128352
668 133352
668 138352
670 143352
670 148352
670 153352
670 158352
670 163352
667 168352
668 173352
671 178352
671 183352
670 188352
670 193352
670 198352
668 203352
669 208352
670 213352
671 218352
671 223352
671 228352
671 233352
670 238352
668 243352
670 248352
670 253352
670 258352
670 263352
671 268352
670 273352
668 278352
669 283352
670 288352
671 293352
671 298352
670 303352
671 308352
669 313352
669 318352
671 323352
670 328352
670 333352
670 338352
670 343352
STEP
PWM: 200
0 120
103 3352
371 8352
530 13352
603 18352
631 23352
649 28352
657 33352
661 38352
664 43352
667 48352
668 53352
667 58352
670 63352
670 68352
671 73352
671 78352
672 83352
672 88352
670 93352
671 98352
672 103352
674 108352
674 113352
673 118352
674 123352
671 128352
672 133352
673 138352
673 143352
674 148352
673 153352
675 158352
674 163352
671 168352
675 173352
673 178352
674 183352
674 188352
674 193352
675 198352
672 203352
671 208352
675 213352
675 218352
674 223352
674 228352
674 233352
672 238352
673 243352
675 248352
674 253352
674 258352
675 263352
674 268352
675 273352
672 278352
675 283352
675 288352
674 293352
675 298352
674 303352
674 308352
673 313352
675 318352
675 323352
674 328352
674 333352
675 338352
674 343352
STEP
PWM: 205
0 120
108 3352
379 8352
537 13352
605 18352
639 23352
653 28352
661 33360
666 38352
668 43352
670 48352
669 53352
671 58352
673 63352
673 68352
674 73352
675 78352
675 83352
676 88352
674 93352
676 98352
677 103352
676 108352
677 113352
677 118352
677 123352
675 128352
678 133352
677 138352
678 143352
677 148352
678 153352
677 158352
675 163352
676 168352
677 173352
677 178352
678 183352
678 188352
678 193352
676 198352
676 203352
678 208352
678 213352
677 218352
678 223352
678 228352
678 233352
677 238352
679 243352
678 248352
678 253352
678 258352
678 263352
679 268352
675 273352
678 278352
678 283352
679 288352
678 293352
678 298352
679 303352
677 308352
676 313352
677 318352
679 323352
678 328352
678 333352
678 338352
678 343352
STEP
PWM: 210
0 120
110 3352
387 8352
545 13352
611 18352
643 23352
657 28352
665 33352
669 38352
672 43352
674 48352
673 53352
676 58352
677 63352
678 68352
678 73352
678 78352
679 83352
677 88352
680 93352
680 98352
680 103352
680 108352
681 113352
681 118352
679 123352
679 128352
680 133352
682 138352
682 143352
681 148352
681 153352
681 158352
679 163352
681 168352
682 173352
681 178352
682 183352
681 188352
681 193352
680 198352
681 203352
681 208352
681 213352
682 218352
682 223352
681 228352
680 233352
679 238352
682 243352
682 248352
682 253352
682 258352
681 263352
683 268352
681 273352
681 278352
682 283352
682 288352
682 293352
682 298352
682 303352
680 308352
681 313352
683 318352
682 323352
682 328352
681 333352
682 338352
680 343352
STEP
PWM: 215
0 120
113 3352
392 8352
547 13352
618 18352
648 23352
661 28352
669 33352
673 38352
677 43352
676 48352
679 53352
680 58352
681 63352
681 68352
681 73352
683 78352
682 83352
681 88352
684 93352
684 98352
684 103352
684 108352
685 113352
684 118352
682 123352
684 128352
684 133352
684 138352
684 143352
684 148352
685 153352
683 158352
685 163352
685 168352
685 173352
684 178352
685 183352
685 188352
683 193352
683 198352
685 203352
685 208352
686 213352
685 218352
685 223352
686 228352
683 233352
685 238352
685 243352
685 248352
686 253352
686 258352
685 263352
683 268352
686 273352
686 278352
686 283352
686 288352
685 293352
686 298352
683 303352
686 308352
685 313352
685 318352
686 323352
685 328352
685 333352
686 338352
683 343352
STEP
PWM: 220
0 120
115 3352
399 8352
553 13352
623 18352
653 23352
665 28352
673 33352
677 38352
680 43352
680 48352
682 53352
683 58352
684 63352
686 68352
685 73352
686 78352
683 83352
687 88352
687 93352
687 98352
687 103352
687 108352
688 113352
686 118352
689 123352
689 128352
689 133352
688 138352
688 143352
689 148352
688 153352
687 158352
688 163352
688 168352
688 173352
688 178352
689 183352
689 188352
686 193352
689 198352
689 203352
689 208352
689 213352
689 218352
689 223352
687 228352
689 233352
689 238352
689 243352
689 248352
689 253352
689 258352
689 263352
686 268352
689 273352
690 278352
690 283352
690 288352
688 293352
689 298352
687 303352
689 308352
689 313352
688 318352
689 323352
690 328352
690 333352
687 338352
690 343352
STEP
PWM: 225
0 116
118 3348
404 8348
561 13348
629 18348
658 23348
669 28348
676 33348
681 38348
680 43348
686 48348
687 53348
687 58348
687 63348
688 68348
688 73348
688 78348
690 83348
690 88348
690 93348
690 98348
691 103348
691 108348
690 113348
689 118348
692 123348
692 128348
692 133348
691 138348
692 143348
692 148348
689 153348
692 158348
692 163348
692 168348
692 173348
692 178348
692 183348
690 188348
693 193348
692 198348
693 203348
692 208348
692 213348
692 218348
692 223348
691 228348
693 233348
692 238348
692 243348
693 248348
693 253348
693 258348
690 263348
692 268348
692 273348
692 278348
692 283348
692 288348
692 293348
690 298348
692 303348
692 308348
692 313348
692 318348
692 323348
692 328348
692 333348
692 338348
692 343348
STEP
PWM: 230
0 116
122 3348
411 8348
566 13348
633 18348
660 23348
673 28348
680 33348
684 38348
683 43348
688 48348
689 53348
690 58348
691 63348
691 68348
692 73348
691 78348
693 83348
693 88348
694 93348
694 98348
693 103348
694 108348
692 113348
694 118348
694 123348
695 128348
694 133348
695 138348
694 143348
695 148348
694 153348
694 158348
695 163348
695 168348
695 173348
695 178348
695 183348
693 188348
695 193348
696 198348
695 203348
695 208348
695 213348
695 218348
693 223348
696 228348
696 233348
696 238348
696 243348
696 248348
696 253348
697 258348
696 263348
696 268348
696 273348
695 278348
696 283348
695 288348
695 293348
693 298348
696 303348
696 308348
696 313348
696 318348
695 323348
695 328348
694 333348
695 338348
695 343348
STEP
PWM: 235
0 116
123 3348
418 8348
573 13348
638 18348
665 23348
677 28348
684 33348
685 38348
690 43348
692 48348
692 53348
694 58348
694 63348
694 68348
695 73348
696 78348
696 83348
696 88348
696 93348
697 98348
698 103348
697 108348
698 113348
697 118348
697 123348
698 128348
698 133348
697 138348
697 143348
696 148348
698 153348
699 158348
698 163348
697 168348
698 173348
699 178348
697 183348
698 188348
699 193348
698 198348
698 203348
699 208348
699 213348
699 218348
698 223348
698 228348
698 233348
698 238348
699 243348
698 248348
698 253348
697 258348
699 263348
699 268348
698 273348
699 278348
699 283348
699 288348
696 293348
698 298348
699 303348
699 308348
699 313348
698 318348
698 323348
698 328348
699 333348
699 338348
699 343348
STEP
PWM: 240
0 120
127 3352
423 8352
578 13352
642 18352
668 23352
681 28352
688 33352
690 38352
694 43352
694 48352
696 53352
697 58352
697 63352
698 68352
696 73352
700 78352
699 83352
700 88352
700 93352
700 98352
701 103352
698 108352
701 113352
701 118352
701 123352
700 128352
702 133352
701 138352
701 143352
702 148352
701 153352
701 158352
701 163352
702 168352
701 173352
702 178352
702 183352
701 188352
702 193352
701 198352
701 203352
702 208352
701 213352
699 218352
702 223352
702 228352
702 233352
702 238352
702 243352
701 248352
702 253352
702 258352
702 263352
701 268352
701 273352
701 278352
702 283352
702 288352
701 293352
702 298352
701 303352
702 308352
702 313352
702 318352
701 323352
699 328352
702 333352
701 338352
702 343352
STEP
PWM: 245
0 120
130 3352
429 8352
583 13352
646 18352
671 23352
684 28352
689 33352
694 38352
696 43352
698 48352
699 53352
700 58352
701 63352
701 68352
702 73352
701 78352
703 83352
702 88352
703 93352
704 98352
703 103352
704 108352
703 113352
704 118352
703 123352
704 128352
704 133352
704 138352
704 143352
704 148352
704 153352
705 158352
705 163352
704 168352
704 173352
702 178352
704 183352
704 188352
705 193352
704 198352
705 203352
705 208352
704 213352
705 218352
705 223352
704 228352
704 233352
705 238352
704 243352
705 248352
704 253352
705 258352
705 263352
705 268352
705 273352
705 278352
705 283352
703 288352
705 293352
704 298352
705 303352
705 308352
705 313352
705 318352
704 323352
705 328352
705 333352
704 338352
704 343352
STEP
PWM: 250
0 120
134 3352
435 8352
589 13352
651 18352
675 23352
687 28352
694 33352
697 38352
699 43352
700 48352
702 53352
703 58352
703 63352
704 68352
704 73352
705 78352
706 83352
705 88352
705 93352
705 98352
703 103352
706 108352
706 113352
707 118352
706 123352
706 128352
707 133352
707 138352
707 143352
707 148352
707 153352
706 158352
707 163352
707 168352
707 173352
707 178352
707 183352
707 188352
708 193352
707 198352
707 203352
707 208352
707 213352
708 218352
708 223352
707 228352
707 233352
708 238352
707 243352
709 248352
708 253352
707 258352
707 263352
707 268352
707 273352
707 278352
707 283352
708 288352
707 293352
707 298352
708 303352
707 308352
708 313352
707 318352
707 323352
708 328352
708 333352
708 338352
708 343352
STEP
PWM: 255
0 116
136 3348
441 8348
594 13348
655 18348
679 23348
691 28348
697 33348
701 38348
702 43348
704 48348
705 53348
705 58348
706 63348
707 68348
707 73348
707 78348
709 83348
708 88348
709 93348
708 98348
709 103348
709 108348
710 113348
709 118348
710 123348
709 128348
709 133348
710 138348
709 143348
710 148348
709 153348
710 158348
711 163348
710 168348
710 173348
710 178348
710 183348
710 188348
711 193348
710 198348
710 203348
711 208348
710 213348
710 218348
710 223348
711 228348
710 233348
711 238348
710 243348
710 248348
710 253348
711 258348
711 263348
711 268348
710 273348
711 278348
710 283348
711 288348
710 293348
711 298348
710 303348
711 308348
710 313348
711 318348