0 2140
0 7140
0 12140
0 17140
0 22140
0 27140
0 32140
0 37140
0 42140
0 47140
0 52140
0 57140
0 62140
0 67140
0 72140
0 77140
0 82140
0 87140
0 92140
0 97140
0 102140
0 107140
0 112140
0 117140
0 122140
0 127140
0 132140
0 137140
0 142140
0 147140
0 152140
0 157140
0 162140
0 167140
0 172140
0 177140
0 182140
0 187140
0 192140
0 197140
0 202140
0 207140
0 212140
0 217140
0 222140
0 227140
0 232140
0 237140
0 242140
0 247140
0 252140
0 257140
0 262140
0 267140
0 272140
0 277140
0 282140
0 287140
0 292140
0 297140
0 302140
0 307140
0 312140
0 317140
0 322140
0 327140
0 332140
0 337140
0 342140
0 347140
STEP
0 120
0 4328
0 9328
0 14328
1 19328
1 24328
2 29328
4 34328
5 39328
4 44328
6 49328
8 54328
10 59328
13 64328
15 69328
15 74328
17 79328
20 84328
22 89328
24 94328
29 99328
26 104328
28 109328
30 114328
32 119328
34 124328
34 129328
37 134328
37 139328
39 144328
42 149328
41 154328
43 159328
44 164328
46 169328
47 174328
47 179328
48 184328
49 189328
51 194328
53 199328
52 204328
54 209328
54 214328
55 219328
55 224328
57 229328
56 234328
58 239328
57 244328
60 249328
60 254328
60 259328
60 264328
62 269328
63 274328
62 279328
64 284328
64 289328
63 294328
64 299328
65 304328
66 309328
65 314328
67 319328
66 324328
66 329328
67 334328
67 349328
68 344328
STEP
0 120
1 2768
15 7768
30 12768
45 17768
60 22768
72 27768
82 32768
91 37768
98 42768
106 47768
109 52768
113 57768
116 62768
118 67768
120 72768
123 77768
125 82768
126 87768
128 92768
128 97768
130 102768
130 107768
132 112768
132 117768
134 122768
135 127768
134 132768
136 137768
136 142768
137 147768
137 152768
140 157768
139 162768
138 167768
139 172768
140 177768
140 182768
140 187768
142 192768
141 197768
141 202768
143 207768
143 212768
143 217768
143 222768
143 227768
143 232768
144 237768
145 242768
145 247768
144 252768
145 257768
145 262768
145 267768
146 272768
146 277768
146 282768
147 287768
147 292768
146 297768
149 302768
148 307768
147 312768
148 317768
148 322768
149 327768
150 332768
148 337768
148 342768
STEP
0 120
10 4344
33 9344
62 14344
89 19344
112 24344
130 29344
150 34344
157 39344
167 44344
172 49344
177 54344
182 59344
185 64344
189 69344
191 74344
192 79344
193 84344
195 89344
197 94344
196 99344
198 104344
199 109344
199 114344
200 119344
201 124344
200 129344
201 134344
202 139344
203 144344
202 149344
203 154344
204 159344
203 164344
205 169344
204 174344
206 179344
204 184344
205 189344
205 194344
205 199344
205 204344
207 209344
205 214344
206 219344
207 224344
207 229344
206 234344
207 239344
208 244344
209 249344
207 254344
209 259344
208 264344
208 269344
209 274344
209 279344
209 284344
211 289344
209 294344
209 299344
209 304344
209 309344
210 314344
209 319344
211 324344
209 329344
209 334344
209 339344
210 344344
STEP
0 116
7 2844
36 7844
78 12844
115 17844
147 22844
171 27844
191 32844
205 37844
214 42844
223 47844
230 52844
233 57844
237 62844
239 67844
242 72844
243 77844
245 82844
249 87844
247 92844
249 97844
248 102844
250 107844
250 112844
251 117844
252 122844
251 127844
253 132844
253 137844
252 142844
253 147844
254 152844
253 157844
254 162844
254 167844
254 172844
254 177844
256 182844
255 187844
255 192844
257 197844
255 202844
256 207844
255 212844
257 217844
256 222844
256 227844
258 232844
256 237844
256 242844
256 247844
257 252844
258 257844
257 262844
257 267844
257 272844
257 277844
257 282844
256 287844
257 292844
259 297844
258 302844
260 307844
258 312844
258 317844
258 322844
258 327844
259 332844
258 337844
260 342844
STEP
0 116
3 1348
35 6348
84 11348
132 16348
173 21348
204 26348
226 31348
242 36348
254 41348
263 46348
268 51348
274 56348
277 61348
281 66348
284 71348
286 76348
287 81348
288 86348
290 91348
290 96348
290 101348
293 106348
292 111348
293 116348
292 121348
293 126348
294 131348
294 136348
293 141348
295 146348
294 151348
295 156348
294 161348
295 166348
295 171348
295 176348
298 181348
295 186348
295 191348
297 196348
297 201348
295 206348
296 211348
298 216348
296 221348
296 226348
296 231348
296 236348
296 241348
298 246348
299 251348
297 256348
298 261348
297 266348
296 271348
297 276348
298 281348
298 286348
297 291348
297 296348
298 301348
298 306348
298 311348
298 316348
298 321348
299 326348
299 331348
298 336348
298 341348
STEP
0 120
27 4856
84 9856
147 14856
193 19856
229 24856
256 29856
274 34856
288 39856
297 44856
305 49856
308 54856
312 59856
317 64856
318 69856
321 74856
321 79856
323 84856
326 89856
324 94856
325 99856
326 104856
326 109856
326 114856
327 119856
330 124856
327 129856
329 134856
328 139856
328 144856
328 149856
328 154856
332 159856
329 164856
330 169856
330 174856
329 179856
330 184856
330 189856
331 194856
331 199856
330 204856
330 209856
330 214856
331 219856
330 224856
331 229856
332 234856
331 239856
330 244856
330 249856
331 254856
331 259856
331 264856
333 269856
331 274856
332 279856
332 284856
331 289856
331 294856
331 299856
331 304856
331 309856
331 314856
332 319856
332 324856
332 329856
331 334856
333 339856
333 344856
STEP
1 120
9 2336
63 7336
136 12336
198 17336
244 22336
275 27336
301 32336
313 37336
325 42336
332 47336
337 52336
342 57336
345 62336
347 67336
352 72336
351 77336
352 82336
352 87336
354 92336
354 97336
355 102336
358 107336
356 112336
357 117336
356 122336
358 127336
358 132336
358 137336
359 142336
357 147336
357 152336
359 157336
358 162336
358 167336
359 172336
361 177336
359 182336
359 187336
359 192336
359 197336
360 202336
359 207336
360 212336
361 217336
359 222336
360 227336
360 232336
360 237336
359 242336
360 247336
363 252336
360 257336
360 262336
361 267336
361 272336
360 277336
360 282336
362 287336
360 292336
360 297336
360 302336
360 307336
361 312336
361 317336
360 322336
363 327336
360 332336
361 337336
361 342336
STEP
1 120
37 4816
116 9816
192 14816
249 19816
290 24816
316 29816
335 34816
349 39816
356 44816
364 49816
367 54816
369 59816
373 64816
374 69816
377 74816
379 79816
380 84816
381 89816
380 94816
382 99816
382 104816
382 109816
383 114816
384 119816
385 124816
384 129816
384 134816
384 139816
384 144816
383 149816
384 154816
386 159816
384 164816
385 169816
385 174816
384 179816
385 184816
385 189816
386 194816
385 199816
385 204816
385 209816
384 214816
385 219816
385 224816
385 229816
387 234816
385 239816
385 244816
385 249816
385 254816
385 259816
386 264816
387 269816
385 274816
385 279816
385 284816
387 289816
387 294816
386 299816
388 304816
385 309816
386 314816
387 319816
386 324816
386 329816
386 334816
388 339816
388 344816
STEP
0 116
5 1268
67 6268
156 11268
232 16268
287 21268
324 26268
351 31268
365 36268
376 41268
382 46268
389 51268
392 56268
395 61268
400 66268
399 71268
401 76268
401 81268
403 86268
404 91268
403 96268
407 101268
407 106268
404 111268
404 116268
406 121268
405 126268
406 131268
406 136268
408 141268
407 146268
407 151268
406 156268
407 161268
406 166268
407 171268
410 176268
408 181268
407 186268
407 191268
407 196268
408 201268
408 206268
409 211268
410 216268
409 221268
408 226268
408 231268
408 236268
407 241268
407 246268
410 251268
409 256268
409 261268
408 266268
408 271268
408 276268
408 281268
411 286268
408 291268
409 296268
408 301268
408 306268
408 311268
409 316268
410 321268
409 326268
408 331268
409 336268
409 341268
STEP
0 116
31 3748
126 8748
220 13748
285 18748
331 23748
362 28748
380 33748
393 38748
402 43748
409 48748
412 53748
415 58748
418 63748
419 68748
420 73748
422 78748
424 83748
424 88748
423 93748
424 98748
426 103748
425 108748
426 113748
427 118748
428 123748
426 128748
426 133748
427 138748
426 143748
427 148748
427 153748
430 158748
427 163748
428 168748
428 173748
427 178748
428 183748
428 188748
430 193748
428 198748
428 203748
428 208748
428 213748
429 218748
429 223748
430 228748
430 233748
428 238748
428 243748
429 248748
428 253748
429 258748
431 263748
430 268748
429 273748
428 278748
428 283748
429 288748
428 293748
429 298748
430 303748
428 308748
428 313748
428 318748
428 323748
428 328748
430 333748
430 338748
428 343748
STEP
2 116
0 236
61 5204
169 10204
259 15204
323 20204
365 25204
391 30204
406 35204
416 40204
423 45204
429 50204
431 55204
434 60204
438 65204
438 70204
439 75204
441 80204
441 85204
443 90204
444 95204
446 100204
447 105204
444 110204
444 115204
444 120204
444 125204
445 130204
446 135204
447 140204
446 145204
446 150204
445 155204
446 160204
446 165204
445 170204
447 175204
446 180204
446 185204
446 190204
446 195204
447 200204
447 205204
449 210204
446 215204
446 220204
447 225204
446 230204
446 235204
447 240204
450 245204
449 250204
447 255204
447 260204
447 265204
447 270204
448 275204
449 280204
449 285204
448 290204
447 295204
448 300204
448 305204
448 310204
447 315204
449 320204
448 325204
447 330204
448 335204
448 340204
STEP
0 120
39 3712
152 8712
256 13712
327 18712
374 23712
402 28712
422 33712
433 38712
441 43712
446 48712
448 53712
451 58712
453 63712
456 68712
456 73712
457 78712
460 83712
458 88712
459 93712
460 98712
461 103712
461 108712
461 113712
463 118712
463 123712
462 128712
461 133712
462 138712
463 143712
463 148712
465 153712
465 158712
462 163712
462 168712
462 173712
464 178712
462 183712
466 188712
465 193712
463 198712
463 203712
464 208712
463 213712
463 218712
464 223712
465 228712
463 233712
464 238712
463 243712
463 248712
463 253712
464 258712
465 263712
466 268712
463 273712
463 278712
463 283712
463 288712
463 293712
467 298712
466 303712
463 308712
464 313712
463 318712
464 323712
465 328712
464 333712
466 338712
465 343712
STEP
1 120
2 240
74 5168
196 10168
297 15168
362 20168
403 25168
428 30168
441 35168
452 40168
457 45168
462 50168
465 55168
471 60168
472 65168
471 70168
472 75168
473 80168
475 85168
475 90168
474 95168
477 100168
475 105168
477 110168
476 115168
476 120168
476 125168
477 130168
479 135168
480 140168
478 145168
477 150168
477 155168
478 160168
477 165168
480 170168
480 175168
477 180168
478 185168
478 190168
479 195168
478 200168
480 205168
481 210168
478 215168
478 220168
478 225168
479 230168
478 235168
479 240168
481 245168
481 250168
478 255168
478 260168
478 265168
479 270168
478 275168
481 280168
480 285168
478 290168
479 295168
479 300168
480 305168
478 310168
481 315168
481 320168
479 325168
479 330168
479 335168
479 340168
STEP
0 120
44 3672
176 8672
290 13672
365 18672
410 23672
437 28672
454 33672
465 38672
475 43672
478 48672
480 53672
483 58672
485 63672
486 68672
487 73672
489 78672
489 83672
488 88672
489 93672
489 98672
490 103672
490 108672
492 113672
492 118672
490 123672
490 128672
491 133672
491 138672
491 143672
491 148672
493 153672
493 158672
492 163672
492 168672
492 173672
491 178672
492 183672
494 188672
494 193672
492 198672
492 203672
492 208672
493 213672
493 218672
495 223672
494 228672
492 233672
493 238672
492 243672
492 248672
493 253672
492 258672
494 263672
494 268672
493 273672
493 278672
492 283672
492 288672
492 293672
494 298672
495 303672
493 308672
493 313672
493 318672
493 323672
493 328672
495 333672
495 338672
493 343672
STEP
0 116
0 236
86 5124
222 10124
329 15124
395 20124
438 25124
461 30124
473 35124
482 40124
487 45124
491 50124
493 55124
498 60124
500 65124
499 70124
500 75124
501 80124
501 85124
502 90124
504 95124
504 100124
502 105124
503 110124
503 115124
503 120124
504 125124
506 130124
506 135124
507 140124
505 145124
505 150124
504 155124
504 160124
504 165124
507 170124
507 175124
505 180124
504 185124
505 190124
506 195124
505 200124
507 205124
506 210124
505 215124
505 220124
505 225124
505 230124
505 235124
508 240124
508 245124
505 250124
505 255124
505 260124
505 265124
505 270124
504 275124
507 280124
508 285124
505 290124
507 295124
505 300124
505 305124
505 310124
509 315124
507 320124
505 325124
506 330124
506 335124
506 340124
STEP
1 116
51 3628
197 8628
317 13628
395 348628
441 23628
467 28628
483 33628
495 38628
501 43628
504 48628
505 53628
508 58628
509 63628
511 68628
512 73628
515 78628
515 83628
514 88628
514 93628
515 98628
515 103628
516 108628
518 113628
518 118628
515 123628
516 128628
516 133628
517 138628
517 143628
519 148628
518 153628
518 158628
517 163628
517 168628
517 173628
517 178628
517 183628
519 188628
519 193628
517 198628
518 203628
517 208628
517 213628
518 218628
520 223628
520 228628
517 233628
517 238628
517 243628
517 248628
518 253628
519 258628
520 263628
518 268628
519 273628
518 278628
518 283628
517 288628
519 293628
520 298628
519 303628
518 308628
517 313628
518 318628
517 323628
517 328628
519 333628
520 338628
518 343628
STEP
0 120
98 5088
248 10088
360 15088
429 20088
467 25088
489 30088
500 35088
507 40088
513 45088
515 50088
521 55088
522 60088
523 65088
523 70088
523 75088
525 80088
525 85088
525 90088
528 350088
528 100088
526 105088
526 110088
527 115088
528 120088
528 125088
529 130088
529 135088
528 140088
528 145088
527 150088
528 155088
528 160088
530 165088
530 170088
529 175088
528 180088
529 185088
528 190088
529 195088
527 200088
530 205088
530 210088
529 215088
528 220088
529 225088
529 230088
530 235088
532 240088
530 245088
529 250088
530 255088
529 260088
529 265088
528 270088
531 275088
530 280088
531 285088
529 290088
529 295088
529 300088
529 305088
531 310088
531 315088
530 320088
529 325088
529 330088
530 335088
529 340088
529 345088
STEP
0 116
3 516
119 5516
272 10516
380 15516
444 20516
479 25516
500 30516
514 35516
521 40516
525 45516
527 50516
529 55516
532 60516
532 65516
536 70516
536 75516
538 80516
536 85516
536 90516
536 95516
537 100516
538 105516
540 110516
539 115516
538 120516
538 125516
538 345516
539 135516
538 140516
541 145516
540 150516
538 155516
539 160516
539 165516
539 170516
539 175516
540 180516
542 185516
540 190516
540 195516
539 200516
540 205516
539 210516
541 215516
542 220516
541 225516
539 230516
539 235516
539 240516
540 245516
540 250516
541 255516
541 260516
540 265516
539 270516
540 275516
540 280516
539 285516
541 290516
541 295516
542 300516
539 305516
540 310516
539 315516
539 320516
542 325516
541 330516
541 335516
539 340516
STEP
2 116
43 2996
209 7996
347 12996
432 17996
480 22996
503 27996
519 32996
526 37996
533 42996
537 47996
541 52996
543 57996
544 62996
543 67996
545 72996
544 77996
546 82996
547 87996
548 92996
549 97996
547 102996
547 107996
547 112996
548 117996
548 122996
550 127996
550 132996
547 137996
548 142996
548 147996
549 152996
548 157996
550 162996
550 167996
551 172996
549 177996
550 182996
549 347996
548 192996
550 197996
551 202996
550 207996
550 212996
549 217996
550 222996
549 227996
551 232996
551 237996
550 242996
549 247996
549 252996
549 257996
549 262996
550 267996
551 272996
550 277996
549 282996
549 287996
549 292996
550 297996
549 302996
552 307996
551 312996
552 317996
550 322996
550 327996
550 332996
550 337996
551 342996
STEP
1 116
95 4452
265 9452
388 14452
460 19452
498 24452
520 29452
534 34452
541 39452
543 44452
546 49452
549 54452
551 59452
552 64452
555 69452
556 74452
555 79452
555 84452
556 89452
555 94452
556 99452
559 104452
558 109452
558 114452
557 119452
557 124452
557 129452
557 134452
559 139452
559 144452
559 149452
557 154452
558 159452
557 164452
558 169452
558 174452
560 179452
560 184452
559 189452
557 194452
559 199452
558 204452
558 209452
561 214452
560 219452
560 224452
558 349452
558 234452
558 239452
558 244452
560 249452
560 254452
560 259452
558 264452
559 269452
558 274452
558 279452
559 284452
560 289452
561 294452
558 299452
558 304452
558 309452
558 314452
560 319452
561 324452
560 329452
560 334452
558 339452
559 344452
STEP
0 120
4 912
152 5912
322 10912
428 15912
487 20912
517 25912
534 30912
544 35912
550 40912
553 45912
558 50912
561 55912
563 60912
562 65912
563 70912
563 75912
563 80912
566 85912
566 90912
567 95912
564 100912
565 105912
565 110912
565 115912
567 120912
568 125912
568 130912
566 135912
566 140912
565 145912
566 150912
568 155912
568 160912
568 165912
566 170912
567 175912
567 180912
567 185912
567 190912
568 195912
569 200912
569 205912
567 210912
567 215912
566 220912
568 225912
569 230912
569 235912
568 240912
566 245912
567 250912
567 255912
567 260912
569 265912
569 270912
569 345912
567 280912
567 285912
566 290912
568 295912
567 300912
569 305912
570 310912
570 315912
566 320912
568 325912
567 330912
567 335912
570 340912
STEP
2 120
65 3392
252 8392
392 13392
472 18392
513 23392
538 28392
551 33392
558 38392
561 43392
563 48392
567 53392
569 58392
571 63392
572 68392
572 73392
573 78392
572 83392
572 88392
572 93392
573 98392
575 103392
575 108392
576 113392
573 118392
574 123392
574 128392
574 133392
576 138392
576 143392
577 148392
574 153392
575 158392
575 163392
574 168392
576 173392
576 178392
576 183392
574 188392
575 193392
575 198392
575 203392
575 208392
578 213392
576 218392
577 223392
575 228392
575 233392
576 238392
576 243392
578 248392
578 253392
577 258392
576 263392
575 268392
575 273392
575 278392
578 283392
578 288392
578 293392
576 298392
575 303392
575 308392
576 348392
578 318392
577 323392
577 328392
577 333392
575 338392
575 343392
STEP
1 120
124 4848
312 9848
22168 14848
5 19848
532 24848
550 29848
561 34848
567 39848
572 44848
575 49848
576 54848
577 59848
578 64848
579 69848
579 74848
581 79848
582 84848
582 89848
582 94848
581 99848
581 104848
581 109848
582 114848
583 119848
583 124848
584 129848
582 134848
582 139848
583 144848
583 149848
585 154848
585 159848
585 164848
583 169848
583 174848
582 179848
582 184848
584 189848
585 194848
584 199848
586 204848
583 209848
584 214848
583 219848
582 224848
585 229848
585 234848
584 239848
583 244848
583 249848
584 254848
584 259848
585 264848
585 269848
585 274848
583 279848
584 284848
584 289848
583 294848
585 299848
585 304848
586 309848
584 314848
584 319848
584 324848
583 329848
586 334848
585 339848
585 344848
STEP
1 116
2 276
145 5276
333 10276
450 15276
511 20276
545 25276
562 30276
571 35276
575 40276
579 45276
581 50276
582 55276
587 60276
588 65276
17596 70276
5 75276
588 80276
588 85276
588 90276
590 95276
590 100276
590 105276
592 110276
589 115276
590 120276
589 125276
589 130276
592 135276
591 140276
592 145276
590 150276
590 155276
590 160276
590 165276
592 170276
592 175276
591 180276
590 185276
590 190276
591 195276
591 200276
592 205276
593 210276
593 215276
592 220276
591 225276
590 230276
591 235276
593 240276
592 245276
593 250276
593 255276
590 260276
591 265276
590 270276
591 275276
593 280276
593 285276
593 290276
592 295276
590 300276
591 305276
591 310276
592 315276
593 320276
593 325276
592 330276
591 335276
591 340276
STEP
0 120
54 2760
258 7760
413 12760
498 17760
539 22760
561 27760
574 32760
580 37760
587 42760
589 47760
591 52760
592 57760
593 62760
593 67760
594 72760
596 77760
597 82760
597 87760
599 92760
595 97760
596 102760
596 107760
599 112760
599 117760
598 122760
598 127760
597 132760
597 137760
597 142760
596 147760
599 152760
600 157760
600 162760
597 167760
20080 172760
5 177760
597 182760
600 187760
600 192760
599 197760
597 202760
597 207760
598 212760
597 217760
599 222760
599 227760
599 232760
599 237760
598 242760
597 247760
598 252760
599 257760
599 262760
600 267760
600 272760
598 277760
598 282760
597 287760
598 292760
599 297760
599 302760
599 307760
598 312760
599 317760
598 322760
598 327760
600 332760
600 337760
599 342760
STEP
2 116
113 4212
320 9212
453 14212
524 19212
558 24212
575 29212
585 34212
590 39212
592 44212
595 49212
598 54212
600 59212
601 64212
603 69212
601 74212
601 79212
602 84212
603 89212
605 94212
605 99212
605 104212
606 109212
603 114212
603 119212
603 124212
605 129212
606 134212
606 139212
606 144212
605 149212
603 154212
603 159212
606 164212
606 169212
606 174212
606 179212
604 184212
605 189212
605 194212
605 199212
606 204212
606 209212
606 214212
605 219212
604 224212
605 229212
21532 234212
5 239212
607 244212
607 249212
606 254212
605 259212
604 264212
605 269212
606 274212
606 279212
607 284212
606 289212
605 294212
604 299212
605 304212
605 309212
607 314212
606 319212
606 324212
605 329212
604 334212
605 339212
605 344212
STEP
2 116
139 4644
346 9644
471 14644
535 19644
566 24644
582 29644
593 34644
599 39644
602 44644
604 49644
605 54644
605 59644
607 64644
605 69644
610 74644
610 79644
611 84644
609 89644
609 94644
609 99644
610 104644
612 109644
611 114644
611 119644
612 124644
610 129644
610 134644
611 139644
613 144644
613 149644
612 154644
613 159644
610 164644
611 169644
611 174644
613 179644
613 184644
613 189644
613 194644
611 199644
611 204644
611 209644
612 214644
613 219644
613 224644
614 229644
614 234644
610 239644
612 244644
611 249644
613 254644
613 259644
613 264644
612 269644
21964 274644
5 279644
612 284644
613 289644
613 294644
612 299644
614 304644
611 309644
611 314644
611 319644
610 324644
613 329644
613 334644
612 339644
611 344644
STEP
1 116
160 5076
367 10076
489 15076
549 20076
578 25076
592 30076
599 35076
603 40076
607 45076
611 50076
612 55076
613 60076
614 65076
613 70076
614 75076
614 80076
616 85076
617 90076
618 95076
617 100076
615 105076
615 110076
616 115076
617 120076
618 125076
618 130076
618 135076
618 140076
617 145076
616 150076
617 155076
620 160076
619 165076
619 170076
620 175076
617 180076
617 185076
616 190076
620 195076
618 200076
619 205076
620 210076
618 215076
617 220076
617 225076
618 230076
619 235076
619 240076
618 245076
619 250076
618 255076
617 260076
617 265076
619 270076
620 275076
620 280076
619 285076
618 290076
617 295076
618 300076
619 305076
620 310076
619 315076
619 320076
618 325076
618 330076
618 335076
620 340076
620 345076
STEP
1 116
141 4484
356 9484
486 14484
549 19484
580 24484
597 29484
607 34484
612 39484
615 44484
615 49484
617 54484
618 59484
620 64484
621 69484
622 74484
622 79484
620 84484
621 89484
622 94484
624 99484
624 104484
624 109484
624 114484
625 119484
622 124484
621 129484
623 134484
624 139484
625 144484
624 149484
624 154484
624 159484
623 164484
623 169484
625 174484
625 179484
624 184484
625 189484
623 194484
624 199484
623 204484
625 209484
626 214484
625 219484
625 224484
623 229484
623 234484
623 239484
623 244484
626 249484
626 254484
626 259484
625 264484
624 269484
623 274484
623 279484
625 284484
626 289484
626 294484
626 299484
624 304484
623 309484
624 314484
624 319484
625 324484
625 329484
626 334484
624 339484
623 344484
STEP
0 116
167 4916
382 9916
505 14916
562 19916
591 24916
603 29916
612 34916
617 39916
621 44916
623 49916
624 54916
625 59916
625 64916
625 69916
625 74916
627 79916
628 84916
628 89916
629 94916
627 99916
627 104916
627 109916
629 114916
630 119916
629 124916
630 129916
630 134916
628 139916
627 144916
628 149916
631 154916
630 159916
630 164916
631 169916
629 174916
629 179916
629 184916
630 189916
630 194916
630 199916
631 204916
629 209916
628 214916
628 219916
631 224916
630 229916
631 234916
630 239916
628 244916
629 249916
629 254916
631 259916
632 264916
632 269916
632 274916
630 279916
629 284916
629 289916
629 294916
631 299916
631 304916
631 309916
630 314916
628 319916
628 324916
629 329916
631 334916
631 339916
631 344916
STEP
0 116
1 348
194 5348
403 10348
517 15348
574 20348
600 25348
613 30348
620 35348
623 40348
625 45348
627 50348
628 55348
631 60348
632 65348
632 70348
634 75348
631 80348
631 85348
632 90348
635 95348
634 100348
634 105348
635 110348
633 115348
632 120348
633 125348
636 130348
635 135348
636 140348
636 145348
635 150348
634 155348
634 160348
633 165348
636 170348
636 175348
636 180348
637 185348
634 190348
633 195348
634 200348
637 205348
636 210348
636 215348
637 220348
634 225348
634 230348
634 235348
636 240348
636 245348
635 250348
636 255348
637 260348
634 265348
633 270348
636 275348
636 280348
636 285348
637 290348
636 295348
634 300348
634 305348
635 310348
637 315348
636 320348
636 325348
636 330348
635 335348
635 340348
STEP
1 116
72 2828
318 7828
480 12828
558 17828
596 22828
612 27828
621 32828
628 37828
630 42828
634 47828
634 52828
636 57828
635 62828
635 67828
636 72828
638 77828
639 82828
639 87828
639 92828
637 97828
638 102828
638 107828
640 112828
640 117828
640 122828
641 127828
639 132828
639 137828
639 142828
640 147828
640 152828
640 157828
641 162828
640 167828
639 172828
639 177828
641 182828
642 187828
641 192828
642 197828
642 202828
639 207828
640 212828
640 217828
641 222828
641 227828
642 232828
641 237828
639 242828
639 247828
640 252828
642 257828
641 262828
640 267828
642 272828
641 277828
640 282828
640 287828
641 292828
642 297828
642 302828
642 307828
641 312828
639 317828
639 322828
639 327828
641 332828
642 337828
641 342828
STEP
1 116
146 4284
383 9284
515 14284
580 19284
608 24284
623 29284
629 34284
634 39284
635 44284
637 49284
641 54284
641 59284
642 64284
643 69284
643 74284
641 79284
643 84284
641 89284
645 94284
644 99284
644 104284
646 109284
644 114284
644 119284
643 124284
645 129284
646 134284
646 139284
646 144284
647 149284
644 154284
643 159284
646 164284
646 169284
646 174284
645 179284
646 184284
643 189284
645 194284
647 199284
645 204284
646 209284
646 214284
646 219284
644 224284
644 229284
645 234284
646 239284
646 244284
646 249284
647 254284
645 259284
645 264284
645 269284
647 274284
646 279284
646 284284
646 289284
647 294284
645 299284
645 304284
647 309284
647 314284
646 319284
647 324284
647 329284
645 334284
645 339284
644 344284
STEP
2 120
177 4720
409 9720
533 14720
587 19720
615 24720
627 29720
636 34720
640 39720
642 44720
644 49720
645 54720
645 59720
645 64720
648 69720
648 74720
648 79720
649 84720
650 89720
647 94720
647 99720
650 104720
650 109720
650 114720
650 119720
650 124720
649 129720
649 134720
649 139720
650 144720
650 149720
650 154720
651 159720
651 164720
648 169720
649 174720
652 179720
651 184720
651 189720
651 194720
651 199720
649 204720
649 209720
651 214720
652 219720
652 224720
652 229720
652 234720
650 239720
650 244720
649 249720
651 254720
651 259720
651 264720
652 269720
649 274720
650 279720
649 284720
651 289720
652 294720
652 299720
651 304720
651 309720
650 314720
649 319720
652 324720
651 329720
651 334720
651 339720
651 344720
STEP
0 120
0 240
203 5152
428 10152
546 15152
599 20152
622 25152
635 30152
642 35152
643 40152
645 45152
649 50152
650 55152
651 60152
652 65152
652 70152
651 75152
651 80152
654 85152
654 90152
655 95152
654 100152
655 105152
652 110152
652 115152
655 120152
656 125152
654 130152
655 135152
655 140152
654 145152
654 150152
653 155152
655 160152
655 165152
655 170152
655 175152
656 180152
653 185152
654 190152
656 195152
656 200152
655 205152
655 210152
655 215152
653 220152
653 225152
655 230152
656 235152
655 240152
655 245152
655 250152
653 255152
654 260152
653 265152
656 270152
655 275152
655 280152
656 285152
656 290152
653 295152
653 300152
656 305152
655 310152
656 315152
656 320152
656 325152
653 330152
654 335152
656 340152
STEP
2 116
73 2628
339 7628
507 12628
582 17628
617 22628
635 27628
644 32628
648 37628
651 42628
653 47628
654 52628
654 57628
654 62628
657 67628
658 72628
658 77628
659 82628
659 87628
657 92628
657 97628
660 102628
659 107628
659 112628
660 117628
660 122628
657 127628
657 132628
659 137628
660 142628
660 147628
659 152628
660 157628
658 162628
658 167628
659 172628
660 177628
660 182628
660 187628
660 192628
660 197628
658 202628
658 207628
660 212628
660 217628
660 222628
660 227628
659 232628
658 237628
659 242628
661 247628
660 252628
660 257628
660 262628
659 267628
659 272628
658 277628
660 282628
660 287628
660 292628
659 297628
661 302628
660 307628
658 312628
658 317628
660 322628
660 327628
661 332628
660 337628
659 342628
STEP
1 116
152 4084
408 9084
543 14084
603 19084
630 24084
643 29084
647 34084
651 39084
656 44084
658 49084
659 54084
660 59084
661 64084
662 69084
660 74084
660 79084
662 84084
664 89084
662 94084
663 99084
663 104084
662 109084
661 114084
664 119084
664 124084
664 129084
664 134084
663 139084
662 144084
662 149084
664 154084
664 159084
664 164084
664 169084
665 174084
665 179084
662 184084
662 189084
664 194084
665 199084
664 204084
665 209084
663 214084
663 219084
662 224084
665 229084
664 234084
665 239084
664 244084
665 249084
662 254084
663 259084
664 264084
664 269084
664 274084
664 279084
664 284084
662 289084
662 294084
665 299084
664 304084
665 309084
664 314084
665 319084
664 324084
663 329084
663 334084
665 339084
664 344084
STEP
2 116
185 4516
432 9516
555 14516
611 19516
637 24516
649 29516
655 34516
658 39516
660 44516
661 49516
662 54516
665 59516
665 64516
666 69516
666 74516
666 79516
667 84516
665 89516
665 94516
667 99516
667 104516
667 109516
668 114516
667 119516
665 124516
666 129516
668 134516
668 139516
668 144516
669 149516
668 154516
667 159516
666 164516
669 169516
668 174516
668 179516
669 184516
668 189516
668 194516
667 199516
669 204516
668 209516
668 214516
668 219516
669 224516
668 229516
667 234516
667 239516
669 244516
668 249516
669 254516
669 259516
669 264516
667 269516
666 274516
668 279516
668 284516
668 289516
669 294516
669 299516
666 304516
667 309516
669 314516
668 319516
669 324516
668 329516
669 334516
669 339516
667 344516
STEP
0 120
215 4952
455 9952
571 14952
621 19952
643 24952
651 29952
657 34952
662 39952
665 44952
668 49952
667 54952
669 59952
670 64952
668 69952
670 74952
671 79952
672 84952
671 89952
672 94952
671 99952
669 104952
669 109952
671 114952
672 119952
672 124952
672 129952
673 134952
670 139952
670 144952
672 149952
672 154952
672 159952
672 164952
672 169952
671 174952
670 179952
673 184952
673 189952
672 194952
673 199952
672 204952
672 209952
671 214952
672 219952
673 224952
672 229952
672 234952
673 239952
673 244952
671 249952
671 254952
672 259952
672 264952
672 269952
672 274952
673 279952
670 284952
671 289952
673 294952
673 299952
673 304952
672 309952
673 314952
673 319952
671 324952
673 329952
673 334952
673 339952
673 344952
STEP
0 116
2 380
244 5380
473 10380
581 15380
628 20380
648 25380
660 30380
663 35380
667 40380
667 45380
670 50380
671 55380
673 60380
673 65380
673 70380
674 75380
674 80380
672 85380
674 90380
676 95380
676 100380
676 105380
676 110380
675 115380
673 120380
675 125380
676 130380
675 135380
675 140380
677 145380
676 150380
674 155380
674 160380
676 165380
676 170380
676 175380
677 180380
676 185380
674 190380
674 195380
676 200380
676 205380
676 210380
676 215380
676 220380
676 225380
674 230380
676 235380
676 240380
677 245380
676 250380
676 255380
676 260380
675 265380
675 270380
677 275380
676 280380
676 285380
676 290380
677 295380
675 300380
675 305380
677 310380
676 315380
676 320380
676 325380
676 330380
677 335380
674 340380
STEP
0 116
97 2860
383 7860
546 12860
616 17860
646 22860
657 27860
663 32860
669 37860
673 42860
674 47860
675 52860
676 57860
675 62860
676 67860
678 72860
679 77860
678 82860
679 87860
679 92860
679 97860
677 102860
680 107860
680 112860
680 117860
680 122860
679 127860
680 132860
678 137860
679 142860
680 147860
680 152860
680 157860
680 162860
679 167860
678 172860
678 177860
679 182860
681 187860
679 192860
680 197860
680 202860
681 207860
678 212860
680 217860
681 222860
680 227860
679 232860
679 237860
680 242860
678 247860
680 252860
680 257860
680 262860
680 267860
681 272860
681 277860
679 282860
677 287860
679 292860
680 297860
680 302860
679 307860
681 312860
678 317860
678 322860
681 327860
680 332860
680 337860
680 342860
STEP
1 120
190 4320
449 9320
578 14320
632 19320
655 24320
666 29320
672 34320
674 39320
675 44320
678 49320
679 54320
681 59320
680 64320
680 69320
681 74320
680 79320
680 84320
683 89320
683 94320
682 99320
683 104320
684 109320
683 114320
682 119320
683 124320
684 129320
684 134320
684 139320
684 144320
684 149320
682 154320
684 159320
684 164320
684 169320
683 174320
683 179320
683 184320
682 189320
682 194320
684 199320
684 204320
684 209320
683 214320
684 219320
684 224320
682 229320
683 234320
685 239320
684 244320
684 249320
684 254320
684 259320
683 264320
684 269320
683 274320
683 279320
684 284320
684 289320
684 294320
682 299320
683 304320
683 309320
684 314320
684 319320
684 324320
685 329320
681 334320
683 339320
684 344320
STEP
2 120
223 4752
474 9752
591 14752
639 19752
659 24752
670 29752
675 34752
678 39752
680 44752
682 49752
684 54752
681 59752
685 64752
685 69752
684 74752
686 79752
686 84752
686 89752
687 94752
685 99752
687 104752
687 109752
687 114752
686 119752
687 124752
687 129752
685 134752
687 139752
687 144752
687 149752
687 154752
687 159752
687 164752
685 169752
687 174752
687 179752
688 184752
687 189752
687 194752
688 199752
685 204752
685 209752
687 214752
687 219752
687 224752
687 229752
688 234752
687 239752
685 244752
687 249752
687 254752
687 259752
687 264752
688 269752
688 274752
685 279752
687 284752
687 289752
687 294752
687 299752
687 304752
688 309752
685 314752
687 319752
688 324752
688 329752
688 334752
687 339752
687 344752
STEP
0 120
2 240
252 5184
494 10184
602 15184
646 20184
666 25184
675 30184
679 35184
680 40184
684 45184
685 50184
687 55184
687 60184
688 65184
688 70184
688 75184
690 80184
689 85184
689 90184
690 95184
690 100184
690 105184
690 110184
688 115184
690 120184
691 125184
690 130184
690 135184
690 140184
690 145184
689 150184
691 155184
691 160184
690 165184
690 170184
691 175184
690 180184
689 185184
691 190184
691 195184
690 200184
691 205184
690 210184
691 215184
689 220184
691 225184
692 230184
691 235184
690 240184
690 245184
691 250184
691 255184
689 260184
691 265184
691 270184
692 275184
691 280184
690 285184
691 290184
689 295184
691 300184
691 305184
691 310184
691 315184
690 320184
691 325184
689 330184
692 335184
690 340184
STEP
1 120
95 2664
399 7664
566 12664
634 17664
661 22664
675 27664
681 32664
684 37664
686 42664
688 47664
690 52664
689 57664
692 62664
692 67664
691 72664
693 77664
693 82664
693 87664
691 92664
693 97664
693 102664
693 107664
694 112664
694 117664
693 122664
694 127664
691 132664
694 137664
693 142664
694 147664
693 152664
693 157664
694 162664
693 167664
693 172664
693 177664
694 182664
694 187664
694 192664
694 197664
691 202664
694 207664
694 212664
694 217664
694 222664
695 227664
693 232664
695 237664
695 242664
694 247664
694 252664
694 257664
693 262664
694 267664
693 272664
691 277664
694 282664
694 287664
695 292664
694 297664
694 302664
694 307664
691 312664
693 317664
693 322664
694 327664
695 332664
694 337664
695 342664
STEP
2 120
194 4120
469 9120
598 14120
650 19120
670 24120
681 29120
685 34120
687 39120
691 44120
692 49120
694 54120
694 59120
694 64120
695 69120
693 74120
696 79120
695 84120
695 89120
697 94120
697 99120
697 104120
694 109120
696 114120
697 119120
696 124120
697 129120
697 134120
696 139120
697 144120
697 149120
697 154120
698 159120
696 164120
697 169120
698 174120
697 179120
695 184120
697 189120
697 194120
697 199120
697 204120
697 209120
698 214120
695 219120
697 224120
697 229120
697 234120
697 239120
698 244120
697 249120
698 254120
697 259120
698 264120
698 269120
697 274120
698 279120
697 284120
697 289120
695 294120
697 299120
697 304120
698 309120
698 314120
698 319120
697 324120
695 329120
697 334120
697 339120
698 344120
STEP
2 116
227 4548
490 9548
609 14548
656 19548
675 24548
685 29548
689 34548
693 39548
694 44548
695 49548
693 54548
697 59548
698 64548
697 69548
698 74548
699 79548
700 84548
697 89548
700 94548
699 99548
700 104548
700 109548
700 114548
700 119548
701 124548
700 129548
701 134548
700 139548
699 144548
700 149548
700 154548
700 159548
700 164548
701 169548
700 174548
700 179548
700 184548
701 189548
700 194548
698 199548
700 204548
701 209548
701 214548
700 219548
701 224548
701 229548
699 234548
700 239548
700 244548
700 249548
700 254548
700 259548
700 264548
699 269548
700 274548
700 279548
701 284548
700 289548
700 294548
701 299548
700 304548
698 309548
701 314548
700 319548
700 324548
701 329548
700 334548
701 339548
698 344548
STEP
0 116
260 4980
511 9980
620 14980
662 19980
680 24980
688 29980
693 34980
696 39980
697 44980
698 49980
699 54980
699 59980
701 64980
701 69980
702 74980
701 79980
702 84980
702 89980
702 94980
703 99980
701 104980
702 109980
703 114980
702 119980
703 124980
703 129980
703 134980
704 139980
703 144980
703 149980
703 154980
703 159980
703 164980
704 169980
703 174980
704 179980
703 184980
703 189980
703 194980
704 199980
704 204980
703 209980
701 214980
703 219980
704 224980
703 229980
704 234980
703 239980
704 244980
701 249980
703 254980
704 259980
703 264980
704 269980
704 274980
703 279980
703 284980
704 289980
703 294980
703 299980
703 304980
704 309980
704 314980
703 319980
703 324980
704 329980
704 334980
704 339980
704 344980
STEP
0 120
3 416
292 5416
532 10416
629 15416
669 20416
685 25416
692 30416
696 35416
699 40416
701 45416
701 50416
703 55416
704 60416
704 65416
704 70416
704 75416
704 80416
705 85416
705 90416
705 95416
706 100416
706 105416
706 110416
705 115416
704 120416
706 125416
706 130416
706 135416
706 140416
706 145416
707 150416
705 155416
707 160416
706 165416
705 170416
706 175416
707 180416
706 185416
705 190416
706 195416
707 200416
706 205416
707 210416
706 215416
706 220416
706 225416
703 230416
706 235416
707 240416
706 245416
706 250416
706 255416
706 260416
707 265416
707 270416
706 275416
706 280416
707 285416
706 290416
706 295416
706 300416
706 305416
707 310416
707 315416
706 320416
706 325416
706 330416
706 335416
706 340416
STEP
0 116
121 2892
439 7892
596 12892
657 17892
682 22892
693 27892
698 32892
701 37892
703 42892
705 47892
705 52892
706 57892
706 62892
708 67892
707 72892
707 77892
708 82892
708 87892
708 92892
708 97892
708 102892
709 107892
709 112892
709 117892
709 122892
709 127892
709 132892
707 137892
709 142892
709 147892
709 152892
709 157892
709 162892
709 167892
709 172892
709 177892
709 182892
708 187892
710 192892
709 197892
709 202892
709 207892
709 212892
709 217892
710 222892
710 227892
710 232892
709 237892
709 242892
709 247892
709 252892
709 257892
709 262892
709 267892
710 272892
710 277892
709 282892
709 287892
709 292892
709 297892
710 302892
710 307892
710 312892
709 317892
709 322892
709 327892
709 332892
709 337892
709 342892
STEP
0 120
155 3320
466 8320
610 13320
665 18320
687 23320
696 28320
702 33320
705 38320
706 43320
708 48320
707 53320
709 58320
710 63320
710 68320
710 73320
710 78320
711 83320
712 88320
711 93320
711 98320
711 103320
712 108320
712 113320
711 118320
711 123320
711 128320
711 133320
712 138320
712 143320
712 148320
713 153320
712 158320
712 163320
712 168320
711 173320
712 178320
713 183320
712 188320
712 193320
712 198320
711 203320
712 208320
712 213320
712 218320
712 223320
712 228320
713 233320
712 238320
712 243320
713 248320
712 253320
712 258320
712 263320
713 268320
712 273320
712 278320
711 283320
711 288320
712 293320
713 298320
711 303320
712 308320
712 313320
713 318320